/*--------------------------------*- C++ -*----------------------------------*\
| =========                 |                                                 |
| \\      /  F ield         | OpenFOAM: The Open Source CFD Toolbox           |
|  \\    /   O peration     | Version:  2112                                  |
|   \\  /    A nd           | Website:  www.openfoam.com                      |
|    \\/     M anipulation  |                                                 |
\*---------------------------------------------------------------------------*/
FoamFile
{
    version     2.0;
    format      ascii;
    arch        "LSB;label=32;scalar=64";
    class       faceList;
    location    "constant/polyMesh";
    object      faces;
}
// * * * * * * * * * * * * * * * * * * * * * * * * * * * * * * * * * * * * * //


3675
(
4(1 17 273 257)
4(16 272 273 17)
4(2 18 274 258)
4(17 273 274 18)
4(3 19 275 259)
4(18 274 275 19)
4(4 20 276 260)
4(19 275 276 20)
4(5 21 277 261)
4(20 276 277 21)
4(6 22 278 262)
4(21 277 278 22)
4(7 23 279 263)
4(22 278 279 23)
4(8 24 280 264)
4(23 279 280 24)
4(9 25 281 265)
4(24 280 281 25)
4(10 26 282 266)
4(25 281 282 26)
4(11 27 283 267)
4(26 282 283 27)
4(12 28 284 268)
4(27 283 284 28)
4(13 29 285 269)
4(28 284 285 29)
4(14 30 286 270)
4(29 285 286 30)
4(30 286 287 31)
4(17 33 289 273)
4(32 288 289 33)
4(18 34 290 274)
4(33 289 290 34)
4(19 35 291 275)
4(34 290 291 35)
4(20 36 292 276)
4(35 291 292 36)
4(21 37 293 277)
4(36 292 293 37)
4(22 38 294 278)
4(37 293 294 38)
4(23 39 295 279)
4(38 294 295 39)
4(24 40 296 280)
4(39 295 296 40)
4(25 41 297 281)
4(40 296 297 41)
4(26 42 298 282)
4(41 297 298 42)
4(27 43 299 283)
4(42 298 299 43)
4(28 44 300 284)
4(43 299 300 44)
4(29 45 301 285)
4(44 300 301 45)
4(30 46 302 286)
4(45 301 302 46)
4(46 302 303 47)
4(33 49 305 289)
4(48 304 305 49)
4(34 50 306 290)
4(49 305 306 50)
4(35 51 307 291)
4(50 306 307 51)
4(36 52 308 292)
4(51 307 308 52)
4(37 53 309 293)
4(52 308 309 53)
4(38 54 310 294)
4(53 309 310 54)
4(39 55 311 295)
4(54 310 311 55)
4(40 56 312 296)
4(55 311 312 56)
4(41 57 313 297)
4(56 312 313 57)
4(42 58 314 298)
4(57 313 314 58)
4(43 59 315 299)
4(58 314 315 59)
4(44 60 316 300)
4(59 315 316 60)
4(45 61 317 301)
4(60 316 317 61)
4(46 62 318 302)
4(61 317 318 62)
4(62 318 319 63)
4(49 65 321 305)
4(64 320 321 65)
4(50 66 322 306)
4(65 321 322 66)
4(51 67 323 307)
4(66 322 323 67)
4(52 68 324 308)
4(67 323 324 68)
4(53 69 325 309)
4(68 324 325 69)
4(54 70 326 310)
4(69 325 326 70)
4(55 71 327 311)
4(70 326 327 71)
4(56 72 328 312)
4(71 327 328 72)
4(57 73 329 313)
4(72 328 329 73)
4(58 74 330 314)
4(73 329 330 74)
4(59 75 331 315)
4(74 330 331 75)
4(60 76 332 316)
4(75 331 332 76)
4(61 77 333 317)
4(76 332 333 77)
4(62 78 334 318)
4(77 333 334 78)
4(78 334 335 79)
4(65 81 337 321)
4(80 336 337 81)
4(66 82 338 322)
4(81 337 338 82)
4(67 83 339 323)
4(82 338 339 83)
4(68 84 340 324)
4(83 339 340 84)
4(69 85 341 325)
4(84 340 341 85)
4(70 86 342 326)
4(85 341 342 86)
4(71 87 343 327)
4(86 342 343 87)
4(72 88 344 328)
4(87 343 344 88)
4(73 89 345 329)
4(88 344 345 89)
4(74 90 346 330)
4(89 345 346 90)
4(75 91 347 331)
4(90 346 347 91)
4(76 92 348 332)
4(91 347 348 92)
4(77 93 349 333)
4(92 348 349 93)
4(78 94 350 334)
4(93 349 350 94)
4(94 350 351 95)
4(81 97 353 337)
4(96 352 353 97)
4(82 98 354 338)
4(97 353 354 98)
4(83 99 355 339)
4(98 354 355 99)
4(84 100 356 340)
4(99 355 356 100)
4(85 101 357 341)
4(100 356 357 101)
4(86 102 358 342)
4(101 357 358 102)
4(87 103 359 343)
4(102 358 359 103)
4(88 104 360 344)
4(103 359 360 104)
4(89 105 361 345)
4(104 360 361 105)
4(90 106 362 346)
4(105 361 362 106)
4(91 107 363 347)
4(106 362 363 107)
4(92 108 364 348)
4(107 363 364 108)
4(93 109 365 349)
4(108 364 365 109)
4(94 110 366 350)
4(109 365 366 110)
4(110 366 367 111)
4(97 113 369 353)
4(112 368 369 113)
4(98 114 370 354)
4(113 369 370 114)
4(99 115 371 355)
4(114 370 371 115)
4(100 116 372 356)
4(115 371 372 116)
4(101 117 373 357)
4(116 372 373 117)
4(102 118 374 358)
4(117 373 374 118)
4(103 119 375 359)
4(118 374 375 119)
4(104 120 376 360)
4(119 375 376 120)
4(105 121 377 361)
4(120 376 377 121)
4(106 122 378 362)
4(121 377 378 122)
4(107 123 379 363)
4(122 378 379 123)
4(108 124 380 364)
4(123 379 380 124)
4(109 125 381 365)
4(124 380 381 125)
4(110 126 382 366)
4(125 381 382 126)
4(126 382 383 127)
4(113 129 385 369)
4(128 384 385 129)
4(114 130 386 370)
4(129 385 386 130)
4(115 131 387 371)
4(130 386 387 131)
4(116 132 388 372)
4(131 387 388 132)
4(117 133 389 373)
4(132 388 389 133)
4(118 134 390 374)
4(133 389 390 134)
4(119 135 391 375)
4(134 390 391 135)
4(120 136 392 376)
4(135 391 392 136)
4(121 137 393 377)
4(136 392 393 137)
4(122 138 394 378)
4(137 393 394 138)
4(123 139 395 379)
4(138 394 395 139)
4(124 140 396 380)
4(139 395 396 140)
4(125 141 397 381)
4(140 396 397 141)
4(126 142 398 382)
4(141 397 398 142)
4(142 398 399 143)
4(129 145 401 385)
4(144 400 401 145)
4(130 146 402 386)
4(145 401 402 146)
4(131 147 403 387)
4(146 402 403 147)
4(132 148 404 388)
4(147 403 404 148)
4(133 149 405 389)
4(148 404 405 149)
4(134 150 406 390)
4(149 405 406 150)
4(135 151 407 391)
4(150 406 407 151)
4(136 152 408 392)
4(151 407 408 152)
4(137 153 409 393)
4(152 408 409 153)
4(138 154 410 394)
4(153 409 410 154)
4(139 155 411 395)
4(154 410 411 155)
4(140 156 412 396)
4(155 411 412 156)
4(141 157 413 397)
4(156 412 413 157)
4(142 158 414 398)
4(157 413 414 158)
4(158 414 415 159)
4(145 161 417 401)
4(160 416 417 161)
4(146 162 418 402)
4(161 417 418 162)
4(147 163 419 403)
4(162 418 419 163)
4(148 164 420 404)
4(163 419 420 164)
4(149 165 421 405)
4(164 420 421 165)
4(150 166 422 406)
4(165 421 422 166)
4(151 167 423 407)
4(166 422 423 167)
4(152 168 424 408)
4(167 423 424 168)
4(153 169 425 409)
4(168 424 425 169)
4(154 170 426 410)
4(169 425 426 170)
4(155 171 427 411)
4(170 426 427 171)
4(156 172 428 412)
4(171 427 428 172)
4(157 173 429 413)
4(172 428 429 173)
4(158 174 430 414)
4(173 429 430 174)
4(174 430 431 175)
4(161 177 433 417)
4(176 432 433 177)
4(162 178 434 418)
4(177 433 434 178)
4(163 179 435 419)
4(178 434 435 179)
4(164 180 436 420)
4(179 435 436 180)
4(165 181 437 421)
4(180 436 437 181)
4(166 182 438 422)
4(181 437 438 182)
4(167 183 439 423)
4(182 438 439 183)
4(168 184 440 424)
4(183 439 440 184)
4(169 185 441 425)
4(184 440 441 185)
4(170 186 442 426)
4(185 441 442 186)
4(171 187 443 427)
4(186 442 443 187)
4(172 188 444 428)
4(187 443 444 188)
4(173 189 445 429)
4(188 444 445 189)
4(174 190 446 430)
4(189 445 446 190)
4(190 446 447 191)
4(177 193 449 433)
4(192 448 449 193)
4(178 194 450 434)
4(193 449 450 194)
4(179 195 451 435)
4(194 450 451 195)
4(180 196 452 436)
4(195 451 452 196)
4(181 197 453 437)
4(196 452 453 197)
4(182 198 454 438)
4(197 453 454 198)
4(183 199 455 439)
4(198 454 455 199)
4(184 200 456 440)
4(199 455 456 200)
4(185 201 457 441)
4(200 456 457 201)
4(186 202 458 442)
4(201 457 458 202)
4(187 203 459 443)
4(202 458 459 203)
4(188 204 460 444)
4(203 459 460 204)
4(189 205 461 445)
4(204 460 461 205)
4(190 206 462 446)
4(205 461 462 206)
4(206 462 463 207)
4(193 209 465 449)
4(208 464 465 209)
4(194 210 466 450)
4(209 465 466 210)
4(195 211 467 451)
4(210 466 467 211)
4(196 212 468 452)
4(211 467 468 212)
4(197 213 469 453)
4(212 468 469 213)
4(198 214 470 454)
4(213 469 470 214)
4(199 215 471 455)
4(214 470 471 215)
4(200 216 472 456)
4(215 471 472 216)
4(201 217 473 457)
4(216 472 473 217)
4(202 218 474 458)
4(217 473 474 218)
4(203 219 475 459)
4(218 474 475 219)
4(204 220 476 460)
4(219 475 476 220)
4(205 221 477 461)
4(220 476 477 221)
4(206 222 478 462)
4(221 477 478 222)
4(222 478 479 223)
4(209 225 481 465)
4(224 480 481 225)
4(210 226 482 466)
4(225 481 482 226)
4(211 227 483 467)
4(226 482 483 227)
4(212 228 484 468)
4(227 483 484 228)
4(213 229 485 469)
4(228 484 485 229)
4(214 230 486 470)
4(229 485 486 230)
4(215 231 487 471)
4(230 486 487 231)
4(216 232 488 472)
4(231 487 488 232)
4(217 233 489 473)
4(232 488 489 233)
4(218 234 490 474)
4(233 489 490 234)
4(219 235 491 475)
4(234 490 491 235)
4(220 236 492 476)
4(235 491 492 236)
4(221 237 493 477)
4(236 492 493 237)
4(222 238 494 478)
4(237 493 494 238)
4(238 494 495 239)
4(225 241 497 481)
4(240 496 497 241)
4(226 242 498 482)
4(241 497 498 242)
4(227 243 499 483)
4(242 498 499 243)
4(228 244 500 484)
4(243 499 500 244)
4(229 245 501 485)
4(244 500 501 245)
4(230 246 502 486)
4(245 501 502 246)
4(231 247 503 487)
4(246 502 503 247)
4(232 248 504 488)
4(247 503 504 248)
4(233 249 505 489)
4(248 504 505 249)
4(234 250 506 490)
4(249 505 506 250)
4(235 251 507 491)
4(250 506 507 251)
4(236 252 508 492)
4(251 507 508 252)
4(237 253 509 493)
4(252 508 509 253)
4(238 254 510 494)
4(253 509 510 254)
4(254 510 511 255)
4(513 528 783 768)
4(527 782 783 528)
4(514 529 784 769)
4(528 783 784 529)
4(515 530 785 770)
4(529 784 785 530)
4(516 531 786 771)
4(530 785 786 531)
4(517 532 787 772)
4(531 786 787 532)
4(518 533 788 773)
4(532 787 788 533)
4(519 534 789 774)
4(533 788 789 534)
4(520 535 790 775)
4(534 789 790 535)
4(521 536 791 776)
4(535 790 791 536)
4(522 537 792 777)
4(536 791 792 537)
4(523 538 793 778)
4(537 792 793 538)
4(524 539 794 779)
4(538 793 794 539)
4(525 540 795 780)
4(539 794 795 540)
4(526 541 796 781)
4(540 795 796 541)
4(541 796 797 542)
4(240 542 797 496)
4(528 544 799 783)
4(543 798 799 544)
4(529 545 800 784)
4(544 799 800 545)
4(530 546 801 785)
4(545 800 801 546)
4(531 547 802 786)
4(546 801 802 547)
4(532 548 803 787)
4(547 802 803 548)
4(533 549 804 788)
4(548 803 804 549)
4(534 550 805 789)
4(549 804 805 550)
4(535 551 806 790)
4(550 805 806 551)
4(536 552 807 791)
4(551 806 807 552)
4(537 553 808 792)
4(552 807 808 553)
4(538 554 809 793)
4(553 808 809 554)
4(539 555 810 794)
4(554 809 810 555)
4(540 556 811 795)
4(555 810 811 556)
4(541 557 812 796)
4(556 811 812 557)
4(557 812 813 558)
4(542 558 813 797)
4(544 560 815 799)
4(559 814 815 560)
4(545 561 816 800)
4(560 815 816 561)
4(546 562 817 801)
4(561 816 817 562)
4(547 563 818 802)
4(562 817 818 563)
4(548 564 819 803)
4(563 818 819 564)
4(549 565 820 804)
4(564 819 820 565)
4(550 566 821 805)
4(565 820 821 566)
4(551 567 822 806)
4(566 821 822 567)
4(552 568 823 807)
4(567 822 823 568)
4(553 569 824 808)
4(568 823 824 569)
4(554 570 825 809)
4(569 824 825 570)
4(555 571 826 810)
4(570 825 826 571)
4(556 572 827 811)
4(571 826 827 572)
4(557 573 828 812)
4(572 827 828 573)
4(573 828 829 574)
4(558 574 829 813)
4(560 576 831 815)
4(575 830 831 576)
4(561 577 832 816)
4(576 831 832 577)
4(562 578 833 817)
4(577 832 833 578)
4(563 579 834 818)
4(578 833 834 579)
4(564 580 835 819)
4(579 834 835 580)
4(565 581 836 820)
4(580 835 836 581)
4(566 582 837 821)
4(581 836 837 582)
4(567 583 838 822)
4(582 837 838 583)
4(568 584 839 823)
4(583 838 839 584)
4(569 585 840 824)
4(584 839 840 585)
4(570 586 841 825)
4(585 840 841 586)
4(571 587 842 826)
4(586 841 842 587)
4(572 588 843 827)
4(587 842 843 588)
4(573 589 844 828)
4(588 843 844 589)
4(589 844 845 590)
4(574 590 845 829)
4(576 592 847 831)
4(591 846 847 592)
4(577 593 848 832)
4(592 847 848 593)
4(578 594 849 833)
4(593 848 849 594)
4(579 595 850 834)
4(594 849 850 595)
4(580 596 851 835)
4(595 850 851 596)
4(581 597 852 836)
4(596 851 852 597)
4(582 598 853 837)
4(597 852 853 598)
4(583 599 854 838)
4(598 853 854 599)
4(584 600 855 839)
4(599 854 855 600)
4(585 601 856 840)
4(600 855 856 601)
4(586 602 857 841)
4(601 856 857 602)
4(587 603 858 842)
4(602 857 858 603)
4(588 604 859 843)
4(603 858 859 604)
4(589 605 860 844)
4(604 859 860 605)
4(605 860 861 606)
4(590 606 861 845)
4(592 608 863 847)
4(607 862 863 608)
4(593 609 864 848)
4(608 863 864 609)
4(594 610 865 849)
4(609 864 865 610)
4(595 611 866 850)
4(610 865 866 611)
4(596 612 867 851)
4(611 866 867 612)
4(597 613 868 852)
4(612 867 868 613)
4(598 614 869 853)
4(613 868 869 614)
4(599 615 870 854)
4(614 869 870 615)
4(600 616 871 855)
4(615 870 871 616)
4(601 617 872 856)
4(616 871 872 617)
4(602 618 873 857)
4(617 872 873 618)
4(603 619 874 858)
4(618 873 874 619)
4(604 620 875 859)
4(619 874 875 620)
4(605 621 876 860)
4(620 875 876 621)
4(621 876 877 622)
4(606 622 877 861)
4(608 624 879 863)
4(623 878 879 624)
4(609 625 880 864)
4(624 879 880 625)
4(610 626 881 865)
4(625 880 881 626)
4(611 627 882 866)
4(626 881 882 627)
4(612 628 883 867)
4(627 882 883 628)
4(613 629 884 868)
4(628 883 884 629)
4(614 630 885 869)
4(629 884 885 630)
4(615 631 886 870)
4(630 885 886 631)
4(616 632 887 871)
4(631 886 887 632)
4(617 633 888 872)
4(632 887 888 633)
4(618 634 889 873)
4(633 888 889 634)
4(619 635 890 874)
4(634 889 890 635)
4(620 636 891 875)
4(635 890 891 636)
4(621 637 892 876)
4(636 891 892 637)
4(637 892 893 638)
4(622 638 893 877)
4(624 640 895 879)
4(639 894 895 640)
4(625 641 896 880)
4(640 895 896 641)
4(626 642 897 881)
4(641 896 897 642)
4(627 643 898 882)
4(642 897 898 643)
4(628 644 899 883)
4(643 898 899 644)
4(629 645 900 884)
4(644 899 900 645)
4(630 646 901 885)
4(645 900 901 646)
4(631 647 902 886)
4(646 901 902 647)
4(632 648 903 887)
4(647 902 903 648)
4(633 649 904 888)
4(648 903 904 649)
4(634 650 905 889)
4(649 904 905 650)
4(635 651 906 890)
4(650 905 906 651)
4(636 652 907 891)
4(651 906 907 652)
4(637 653 908 892)
4(652 907 908 653)
4(653 908 909 654)
4(638 654 909 893)
4(640 656 911 895)
4(655 910 911 656)
4(641 657 912 896)
4(656 911 912 657)
4(642 658 913 897)
4(657 912 913 658)
4(643 659 914 898)
4(658 913 914 659)
4(644 660 915 899)
4(659 914 915 660)
4(645 661 916 900)
4(660 915 916 661)
4(646 662 917 901)
4(661 916 917 662)
4(647 663 918 902)
4(662 917 918 663)
4(648 664 919 903)
4(663 918 919 664)
4(649 665 920 904)
4(664 919 920 665)
4(650 666 921 905)
4(665 920 921 666)
4(651 667 922 906)
4(666 921 922 667)
4(652 668 923 907)
4(667 922 923 668)
4(653 669 924 908)
4(668 923 924 669)
4(669 924 925 670)
4(654 670 925 909)
4(656 672 927 911)
4(671 926 927 672)
4(657 673 928 912)
4(672 927 928 673)
4(658 674 929 913)
4(673 928 929 674)
4(659 675 930 914)
4(674 929 930 675)
4(660 676 931 915)
4(675 930 931 676)
4(661 677 932 916)
4(676 931 932 677)
4(662 678 933 917)
4(677 932 933 678)
4(663 679 934 918)
4(678 933 934 679)
4(664 680 935 919)
4(679 934 935 680)
4(665 681 936 920)
4(680 935 936 681)
4(666 682 937 921)
4(681 936 937 682)
4(667 683 938 922)
4(682 937 938 683)
4(668 684 939 923)
4(683 938 939 684)
4(669 685 940 924)
4(684 939 940 685)
4(685 940 941 686)
4(670 686 941 925)
4(672 688 943 927)
4(687 942 943 688)
4(673 689 944 928)
4(688 943 944 689)
4(674 690 945 929)
4(689 944 945 690)
4(675 691 946 930)
4(690 945 946 691)
4(676 692 947 931)
4(691 946 947 692)
4(677 693 948 932)
4(692 947 948 693)
4(678 694 949 933)
4(693 948 949 694)
4(679 695 950 934)
4(694 949 950 695)
4(680 696 951 935)
4(695 950 951 696)
4(681 697 952 936)
4(696 951 952 697)
4(682 698 953 937)
4(697 952 953 698)
4(683 699 954 938)
4(698 953 954 699)
4(684 700 955 939)
4(699 954 955 700)
4(685 701 956 940)
4(700 955 956 701)
4(701 956 957 702)
4(686 702 957 941)
4(688 704 959 943)
4(703 958 959 704)
4(689 705 960 944)
4(704 959 960 705)
4(690 706 961 945)
4(705 960 961 706)
4(691 707 962 946)
4(706 961 962 707)
4(692 708 963 947)
4(707 962 963 708)
4(693 709 964 948)
4(708 963 964 709)
4(694 710 965 949)
4(709 964 965 710)
4(695 711 966 950)
4(710 965 966 711)
4(696 712 967 951)
4(711 966 967 712)
4(697 713 968 952)
4(712 967 968 713)
4(698 714 969 953)
4(713 968 969 714)
4(699 715 970 954)
4(714 969 970 715)
4(700 716 971 955)
4(715 970 971 716)
4(701 717 972 956)
4(716 971 972 717)
4(717 972 973 718)
4(702 718 973 957)
4(704 720 975 959)
4(719 974 975 720)
4(705 721 976 960)
4(720 975 976 721)
4(706 722 977 961)
4(721 976 977 722)
4(707 723 978 962)
4(722 977 978 723)
4(708 724 979 963)
4(723 978 979 724)
4(709 725 980 964)
4(724 979 980 725)
4(710 726 981 965)
4(725 980 981 726)
4(711 727 982 966)
4(726 981 982 727)
4(712 728 983 967)
4(727 982 983 728)
4(713 729 984 968)
4(728 983 984 729)
4(714 730 985 969)
4(729 984 985 730)
4(715 731 986 970)
4(730 985 986 731)
4(716 732 987 971)
4(731 986 987 732)
4(717 733 988 972)
4(732 987 988 733)
4(733 988 989 734)
4(718 734 989 973)
4(720 736 991 975)
4(735 990 991 736)
4(721 737 992 976)
4(736 991 992 737)
4(722 738 993 977)
4(737 992 993 738)
4(723 739 994 978)
4(738 993 994 739)
4(724 740 995 979)
4(739 994 995 740)
4(725 741 996 980)
4(740 995 996 741)
4(726 742 997 981)
4(741 996 997 742)
4(727 743 998 982)
4(742 997 998 743)
4(728 744 999 983)
4(743 998 999 744)
4(729 745 1000 984)
4(744 999 1000 745)
4(730 746 1001 985)
4(745 1000 1001 746)
4(731 747 1002 986)
4(746 1001 1002 747)
4(732 748 1003 987)
4(747 1002 1003 748)
4(733 749 1004 988)
4(748 1003 1004 749)
4(749 1004 1005 750)
4(734 750 1005 989)
4(736 752 1007 991)
4(737 753 1008 992)
4(738 754 1009 993)
4(739 755 1010 994)
4(740 756 1011 995)
4(741 757 1012 996)
4(742 758 1013 997)
4(743 759 1014 998)
4(744 760 1015 999)
4(745 761 1016 1000)
4(746 762 1017 1001)
4(747 763 1018 1002)
4(748 764 1019 1003)
4(749 765 1020 1004)
4(750 766 1021 1005)
4(241 1022 1247 497)
4(542 797 1247 1022)
4(242 1023 1248 498)
4(1022 1247 1248 1023)
4(243 1024 1249 499)
4(1023 1248 1249 1024)
4(244 1025 1250 500)
4(1024 1249 1250 1025)
4(245 1026 1251 501)
4(1025 1250 1251 1026)
4(246 1027 1252 502)
4(1026 1251 1252 1027)
4(247 1028 1253 503)
4(1027 1252 1253 1028)
4(248 1029 1254 504)
4(1028 1253 1254 1029)
4(249 1030 1255 505)
4(1029 1254 1255 1030)
4(250 1031 1256 506)
4(1030 1255 1256 1031)
4(251 1032 1257 507)
4(1031 1256 1257 1032)
4(252 1033 1258 508)
4(1032 1257 1258 1033)
4(253 1034 1259 509)
4(1033 1258 1259 1034)
4(254 1035 1260 510)
4(1034 1259 1260 1035)
4(1035 1260 1261 1036)
4(255 1036 1261 511)
4(1022 1037 1262 1247)
4(558 813 1262 1037)
4(1023 1038 1263 1248)
4(1037 1262 1263 1038)
4(1024 1039 1264 1249)
4(1038 1263 1264 1039)
4(1025 1040 1265 1250)
4(1039 1264 1265 1040)
4(1026 1041 1266 1251)
4(1040 1265 1266 1041)
4(1027 1042 1267 1252)
4(1041 1266 1267 1042)
4(1028 1043 1268 1253)
4(1042 1267 1268 1043)
4(1029 1044 1269 1254)
4(1043 1268 1269 1044)
4(1030 1045 1270 1255)
4(1044 1269 1270 1045)
4(1031 1046 1271 1256)
4(1045 1270 1271 1046)
4(1032 1047 1272 1257)
4(1046 1271 1272 1047)
4(1033 1048 1273 1258)
4(1047 1272 1273 1048)
4(1034 1049 1274 1259)
4(1048 1273 1274 1049)
4(1035 1050 1275 1260)
4(1049 1274 1275 1050)
4(1050 1275 1276 1051)
4(1036 1051 1276 1261)
4(1037 1052 1277 1262)
4(574 829 1277 1052)
4(1038 1053 1278 1263)
4(1052 1277 1278 1053)
4(1039 1054 1279 1264)
4(1053 1278 1279 1054)
4(1040 1055 1280 1265)
4(1054 1279 1280 1055)
4(1041 1056 1281 1266)
4(1055 1280 1281 1056)
4(1042 1057 1282 1267)
4(1056 1281 1282 1057)
4(1043 1058 1283 1268)
4(1057 1282 1283 1058)
4(1044 1059 1284 1269)
4(1058 1283 1284 1059)
4(1045 1060 1285 1270)
4(1059 1284 1285 1060)
4(1046 1061 1286 1271)
4(1060 1285 1286 1061)
4(1047 1062 1287 1272)
4(1061 1286 1287 1062)
4(1048 1063 1288 1273)
4(1062 1287 1288 1063)
4(1049 1064 1289 1274)
4(1063 1288 1289 1064)
4(1050 1065 1290 1275)
4(1064 1289 1290 1065)
4(1065 1290 1291 1066)
4(1051 1066 1291 1276)
4(1052 1067 1292 1277)
4(590 845 1292 1067)
4(1053 1068 1293 1278)
4(1067 1292 1293 1068)
4(1054 1069 1294 1279)
4(1068 1293 1294 1069)
4(1055 1070 1295 1280)
4(1069 1294 1295 1070)
4(1056 1071 1296 1281)
4(1070 1295 1296 1071)
4(1057 1072 1297 1282)
4(1071 1296 1297 1072)
4(1058 1073 1298 1283)
4(1072 1297 1298 1073)
4(1059 1074 1299 1284)
4(1073 1298 1299 1074)
4(1060 1075 1300 1285)
4(1074 1299 1300 1075)
4(1061 1076 1301 1286)
4(1075 1300 1301 1076)
4(1062 1077 1302 1287)
4(1076 1301 1302 1077)
4(1063 1078 1303 1288)
4(1077 1302 1303 1078)
4(1064 1079 1304 1289)
4(1078 1303 1304 1079)
4(1065 1080 1305 1290)
4(1079 1304 1305 1080)
4(1080 1305 1306 1081)
4(1066 1081 1306 1291)
4(1067 1082 1307 1292)
4(606 861 1307 1082)
4(1068 1083 1308 1293)
4(1082 1307 1308 1083)
4(1069 1084 1309 1294)
4(1083 1308 1309 1084)
4(1070 1085 1310 1295)
4(1084 1309 1310 1085)
4(1071 1086 1311 1296)
4(1085 1310 1311 1086)
4(1072 1087 1312 1297)
4(1086 1311 1312 1087)
4(1073 1088 1313 1298)
4(1087 1312 1313 1088)
4(1074 1089 1314 1299)
4(1088 1313 1314 1089)
4(1075 1090 1315 1300)
4(1089 1314 1315 1090)
4(1076 1091 1316 1301)
4(1090 1315 1316 1091)
4(1077 1092 1317 1302)
4(1091 1316 1317 1092)
4(1078 1093 1318 1303)
4(1092 1317 1318 1093)
4(1079 1094 1319 1304)
4(1093 1318 1319 1094)
4(1080 1095 1320 1305)
4(1094 1319 1320 1095)
4(1095 1320 1321 1096)
4(1081 1096 1321 1306)
4(1082 1097 1322 1307)
4(622 877 1322 1097)
4(1083 1098 1323 1308)
4(1097 1322 1323 1098)
4(1084 1099 1324 1309)
4(1098 1323 1324 1099)
4(1085 1100 1325 1310)
4(1099 1324 1325 1100)
4(1086 1101 1326 1311)
4(1100 1325 1326 1101)
4(1087 1102 1327 1312)
4(1101 1326 1327 1102)
4(1088 1103 1328 1313)
4(1102 1327 1328 1103)
4(1089 1104 1329 1314)
4(1103 1328 1329 1104)
4(1090 1105 1330 1315)
4(1104 1329 1330 1105)
4(1091 1106 1331 1316)
4(1105 1330 1331 1106)
4(1092 1107 1332 1317)
4(1106 1331 1332 1107)
4(1093 1108 1333 1318)
4(1107 1332 1333 1108)
4(1094 1109 1334 1319)
4(1108 1333 1334 1109)
4(1095 1110 1335 1320)
4(1109 1334 1335 1110)
4(1110 1335 1336 1111)
4(1096 1111 1336 1321)
4(1097 1112 1337 1322)
4(638 893 1337 1112)
4(1098 1113 1338 1323)
4(1112 1337 1338 1113)
4(1099 1114 1339 1324)
4(1113 1338 1339 1114)
4(1100 1115 1340 1325)
4(1114 1339 1340 1115)
4(1101 1116 1341 1326)
4(1115 1340 1341 1116)
4(1102 1117 1342 1327)
4(1116 1341 1342 1117)
4(1103 1118 1343 1328)
4(1117 1342 1343 1118)
4(1104 1119 1344 1329)
4(1118 1343 1344 1119)
4(1105 1120 1345 1330)
4(1119 1344 1345 1120)
4(1106 1121 1346 1331)
4(1120 1345 1346 1121)
4(1107 1122 1347 1332)
4(1121 1346 1347 1122)
4(1108 1123 1348 1333)
4(1122 1347 1348 1123)
4(1109 1124 1349 1334)
4(1123 1348 1349 1124)
4(1110 1125 1350 1335)
4(1124 1349 1350 1125)
4(1125 1350 1351 1126)
4(1111 1126 1351 1336)
4(1112 1127 1352 1337)
4(654 909 1352 1127)
4(1113 1128 1353 1338)
4(1127 1352 1353 1128)
4(1114 1129 1354 1339)
4(1128 1353 1354 1129)
4(1115 1130 1355 1340)
4(1129 1354 1355 1130)
4(1116 1131 1356 1341)
4(1130 1355 1356 1131)
4(1117 1132 1357 1342)
4(1131 1356 1357 1132)
4(1118 1133 1358 1343)
4(1132 1357 1358 1133)
4(1119 1134 1359 1344)
4(1133 1358 1359 1134)
4(1120 1135 1360 1345)
4(1134 1359 1360 1135)
4(1121 1136 1361 1346)
4(1135 1360 1361 1136)
4(1122 1137 1362 1347)
4(1136 1361 1362 1137)
4(1123 1138 1363 1348)
4(1137 1362 1363 1138)
4(1124 1139 1364 1349)
4(1138 1363 1364 1139)
4(1125 1140 1365 1350)
4(1139 1364 1365 1140)
4(1140 1365 1366 1141)
4(1126 1141 1366 1351)
4(1127 1142 1367 1352)
4(670 925 1367 1142)
4(1128 1143 1368 1353)
4(1142 1367 1368 1143)
4(1129 1144 1369 1354)
4(1143 1368 1369 1144)
4(1130 1145 1370 1355)
4(1144 1369 1370 1145)
4(1131 1146 1371 1356)
4(1145 1370 1371 1146)
4(1132 1147 1372 1357)
4(1146 1371 1372 1147)
4(1133 1148 1373 1358)
4(1147 1372 1373 1148)
4(1134 1149 1374 1359)
4(1148 1373 1374 1149)
4(1135 1150 1375 1360)
4(1149 1374 1375 1150)
4(1136 1151 1376 1361)
4(1150 1375 1376 1151)
4(1137 1152 1377 1362)
4(1151 1376 1377 1152)
4(1138 1153 1378 1363)
4(1152 1377 1378 1153)
4(1139 1154 1379 1364)
4(1153 1378 1379 1154)
4(1140 1155 1380 1365)
4(1154 1379 1380 1155)
4(1155 1380 1381 1156)
4(1141 1156 1381 1366)
4(1142 1157 1382 1367)
4(686 941 1382 1157)
4(1143 1158 1383 1368)
4(1157 1382 1383 1158)
4(1144 1159 1384 1369)
4(1158 1383 1384 1159)
4(1145 1160 1385 1370)
4(1159 1384 1385 1160)
4(1146 1161 1386 1371)
4(1160 1385 1386 1161)
4(1147 1162 1387 1372)
4(1161 1386 1387 1162)
4(1148 1163 1388 1373)
4(1162 1387 1388 1163)
4(1149 1164 1389 1374)
4(1163 1388 1389 1164)
4(1150 1165 1390 1375)
4(1164 1389 1390 1165)
4(1151 1166 1391 1376)
4(1165 1390 1391 1166)
4(1152 1167 1392 1377)
4(1166 1391 1392 1167)
4(1153 1168 1393 1378)
4(1167 1392 1393 1168)
4(1154 1169 1394 1379)
4(1168 1393 1394 1169)
4(1155 1170 1395 1380)
4(1169 1394 1395 1170)
4(1170 1395 1396 1171)
4(1156 1171 1396 1381)
4(1157 1172 1397 1382)
4(702 957 1397 1172)
4(1158 1173 1398 1383)
4(1172 1397 1398 1173)
4(1159 1174 1399 1384)
4(1173 1398 1399 1174)
4(1160 1175 1400 1385)
4(1174 1399 1400 1175)
4(1161 1176 1401 1386)
4(1175 1400 1401 1176)
4(1162 1177 1402 1387)
4(1176 1401 1402 1177)
4(1163 1178 1403 1388)
4(1177 1402 1403 1178)
4(1164 1179 1404 1389)
4(1178 1403 1404 1179)
4(1165 1180 1405 1390)
4(1179 1404 1405 1180)
4(1166 1181 1406 1391)
4(1180 1405 1406 1181)
4(1167 1182 1407 1392)
4(1181 1406 1407 1182)
4(1168 1183 1408 1393)
4(1182 1407 1408 1183)
4(1169 1184 1409 1394)
4(1183 1408 1409 1184)
4(1170 1185 1410 1395)
4(1184 1409 1410 1185)
4(1185 1410 1411 1186)
4(1171 1186 1411 1396)
4(1172 1187 1412 1397)
4(718 973 1412 1187)
4(1173 1188 1413 1398)
4(1187 1412 1413 1188)
4(1174 1189 1414 1399)
4(1188 1413 1414 1189)
4(1175 1190 1415 1400)
4(1189 1414 1415 1190)
4(1176 1191 1416 1401)
4(1190 1415 1416 1191)
4(1177 1192 1417 1402)
4(1191 1416 1417 1192)
4(1178 1193 1418 1403)
4(1192 1417 1418 1193)
4(1179 1194 1419 1404)
4(1193 1418 1419 1194)
4(1180 1195 1420 1405)
4(1194 1419 1420 1195)
4(1181 1196 1421 1406)
4(1195 1420 1421 1196)
4(1182 1197 1422 1407)
4(1196 1421 1422 1197)
4(1183 1198 1423 1408)
4(1197 1422 1423 1198)
4(1184 1199 1424 1409)
4(1198 1423 1424 1199)
4(1185 1200 1425 1410)
4(1199 1424 1425 1200)
4(1200 1425 1426 1201)
4(1186 1201 1426 1411)
4(1187 1202 1427 1412)
4(734 989 1427 1202)
4(1188 1203 1428 1413)
4(1202 1427 1428 1203)
4(1189 1204 1429 1414)
4(1203 1428 1429 1204)
4(1190 1205 1430 1415)
4(1204 1429 1430 1205)
4(1191 1206 1431 1416)
4(1205 1430 1431 1206)
4(1192 1207 1432 1417)
4(1206 1431 1432 1207)
4(1193 1208 1433 1418)
4(1207 1432 1433 1208)
4(1194 1209 1434 1419)
4(1208 1433 1434 1209)
4(1195 1210 1435 1420)
4(1209 1434 1435 1210)
4(1196 1211 1436 1421)
4(1210 1435 1436 1211)
4(1197 1212 1437 1422)
4(1211 1436 1437 1212)
4(1198 1213 1438 1423)
4(1212 1437 1438 1213)
4(1199 1214 1439 1424)
4(1213 1438 1439 1214)
4(1200 1215 1440 1425)
4(1214 1439 1440 1215)
4(1215 1440 1441 1216)
4(1201 1216 1441 1426)
4(1202 1217 1442 1427)
4(750 1005 1442 1217)
4(1203 1218 1443 1428)
4(1217 1442 1443 1218)
4(1204 1219 1444 1429)
4(1218 1443 1444 1219)
4(1205 1220 1445 1430)
4(1219 1444 1445 1220)
4(1206 1221 1446 1431)
4(1220 1445 1446 1221)
4(1207 1222 1447 1432)
4(1221 1446 1447 1222)
4(1208 1223 1448 1433)
4(1222 1447 1448 1223)
4(1209 1224 1449 1434)
4(1223 1448 1449 1224)
4(1210 1225 1450 1435)
4(1224 1449 1450 1225)
4(1211 1226 1451 1436)
4(1225 1450 1451 1226)
4(1212 1227 1452 1437)
4(1226 1451 1452 1227)
4(1213 1228 1453 1438)
4(1227 1452 1453 1228)
4(1214 1229 1454 1439)
4(1228 1453 1454 1229)
4(1215 1230 1455 1440)
4(1229 1454 1455 1230)
4(1230 1455 1456 1231)
4(1216 1231 1456 1441)
4(1217 1232 1457 1442)
4(1218 1233 1458 1443)
4(1219 1234 1459 1444)
4(1220 1235 1460 1445)
4(1221 1236 1461 1446)
4(1222 1237 1462 1447)
4(1223 1238 1463 1448)
4(1224 1239 1464 1449)
4(1225 1240 1465 1450)
4(1226 1241 1466 1451)
4(1227 1242 1467 1452)
4(1228 1243 1468 1453)
4(1229 1244 1469 1454)
4(1230 1245 1470 1455)
4(1231 1246 1471 1456)
4(1472 1487 1727 1712)
4(1036 1261 1727 1487)
4(1473 1488 1728 1713)
4(1487 1727 1728 1488)
4(1474 1489 1729 1714)
4(1488 1728 1729 1489)
4(1475 1490 1730 1715)
4(1489 1729 1730 1490)
4(1476 1491 1731 1716)
4(1490 1730 1731 1491)
4(1477 1492 1732 1717)
4(1491 1731 1732 1492)
4(1478 1493 1733 1718)
4(1492 1732 1733 1493)
4(1479 1494 1734 1719)
4(1493 1733 1734 1494)
4(1480 1495 1735 1720)
4(1494 1734 1735 1495)
4(1481 1496 1736 1721)
4(1495 1735 1736 1496)
4(1482 1497 1737 1722)
4(1496 1736 1737 1497)
4(1483 1498 1738 1723)
4(1497 1737 1738 1498)
4(1484 1499 1739 1724)
4(1498 1738 1739 1499)
4(1485 1500 1740 1725)
4(1499 1739 1740 1500)
4(1500 1740 1741 1501)
4(1487 1502 1742 1727)
4(1051 1276 1742 1502)
4(1488 1503 1743 1728)
4(1502 1742 1743 1503)
4(1489 1504 1744 1729)
4(1503 1743 1744 1504)
4(1490 1505 1745 1730)
4(1504 1744 1745 1505)
4(1491 1506 1746 1731)
4(1505 1745 1746 1506)
4(1492 1507 1747 1732)
4(1506 1746 1747 1507)
4(1493 1508 1748 1733)
4(1507 1747 1748 1508)
4(1494 1509 1749 1734)
4(1508 1748 1749 1509)
4(1495 1510 1750 1735)
4(1509 1749 1750 1510)
4(1496 1511 1751 1736)
4(1510 1750 1751 1511)
4(1497 1512 1752 1737)
4(1511 1751 1752 1512)
4(1498 1513 1753 1738)
4(1512 1752 1753 1513)
4(1499 1514 1754 1739)
4(1513 1753 1754 1514)
4(1500 1515 1755 1740)
4(1514 1754 1755 1515)
4(1515 1755 1756 1516)
4(1502 1517 1757 1742)
4(1066 1291 1757 1517)
4(1503 1518 1758 1743)
4(1517 1757 1758 1518)
4(1504 1519 1759 1744)
4(1518 1758 1759 1519)
4(1505 1520 1760 1745)
4(1519 1759 1760 1520)
4(1506 1521 1761 1746)
4(1520 1760 1761 1521)
4(1507 1522 1762 1747)
4(1521 1761 1762 1522)
4(1508 1523 1763 1748)
4(1522 1762 1763 1523)
4(1509 1524 1764 1749)
4(1523 1763 1764 1524)
4(1510 1525 1765 1750)
4(1524 1764 1765 1525)
4(1511 1526 1766 1751)
4(1525 1765 1766 1526)
4(1512 1527 1767 1752)
4(1526 1766 1767 1527)
4(1513 1528 1768 1753)
4(1527 1767 1768 1528)
4(1514 1529 1769 1754)
4(1528 1768 1769 1529)
4(1515 1530 1770 1755)
4(1529 1769 1770 1530)
4(1530 1770 1771 1531)
4(1517 1532 1772 1757)
4(1081 1306 1772 1532)
4(1518 1533 1773 1758)
4(1532 1772 1773 1533)
4(1519 1534 1774 1759)
4(1533 1773 1774 1534)
4(1520 1535 1775 1760)
4(1534 1774 1775 1535)
4(1521 1536 1776 1761)
4(1535 1775 1776 1536)
4(1522 1537 1777 1762)
4(1536 1776 1777 1537)
4(1523 1538 1778 1763)
4(1537 1777 1778 1538)
4(1524 1539 1779 1764)
4(1538 1778 1779 1539)
4(1525 1540 1780 1765)
4(1539 1779 1780 1540)
4(1526 1541 1781 1766)
4(1540 1780 1781 1541)
4(1527 1542 1782 1767)
4(1541 1781 1782 1542)
4(1528 1543 1783 1768)
4(1542 1782 1783 1543)
4(1529 1544 1784 1769)
4(1543 1783 1784 1544)
4(1530 1545 1785 1770)
4(1544 1784 1785 1545)
4(1545 1785 1786 1546)
4(1532 1547 1787 1772)
4(1096 1321 1787 1547)
4(1533 1548 1788 1773)
4(1547 1787 1788 1548)
4(1534 1549 1789 1774)
4(1548 1788 1789 1549)
4(1535 1550 1790 1775)
4(1549 1789 1790 1550)
4(1536 1551 1791 1776)
4(1550 1790 1791 1551)
4(1537 1552 1792 1777)
4(1551 1791 1792 1552)
4(1538 1553 1793 1778)
4(1552 1792 1793 1553)
4(1539 1554 1794 1779)
4(1553 1793 1794 1554)
4(1540 1555 1795 1780)
4(1554 1794 1795 1555)
4(1541 1556 1796 1781)
4(1555 1795 1796 1556)
4(1542 1557 1797 1782)
4(1556 1796 1797 1557)
4(1543 1558 1798 1783)
4(1557 1797 1798 1558)
4(1544 1559 1799 1784)
4(1558 1798 1799 1559)
4(1545 1560 1800 1785)
4(1559 1799 1800 1560)
4(1560 1800 1801 1561)
4(1547 1562 1802 1787)
4(1111 1336 1802 1562)
4(1548 1563 1803 1788)
4(1562 1802 1803 1563)
4(1549 1564 1804 1789)
4(1563 1803 1804 1564)
4(1550 1565 1805 1790)
4(1564 1804 1805 1565)
4(1551 1566 1806 1791)
4(1565 1805 1806 1566)
4(1552 1567 1807 1792)
4(1566 1806 1807 1567)
4(1553 1568 1808 1793)
4(1567 1807 1808 1568)
4(1554 1569 1809 1794)
4(1568 1808 1809 1569)
4(1555 1570 1810 1795)
4(1569 1809 1810 1570)
4(1556 1571 1811 1796)
4(1570 1810 1811 1571)
4(1557 1572 1812 1797)
4(1571 1811 1812 1572)
4(1558 1573 1813 1798)
4(1572 1812 1813 1573)
4(1559 1574 1814 1799)
4(1573 1813 1814 1574)
4(1560 1575 1815 1800)
4(1574 1814 1815 1575)
4(1575 1815 1816 1576)
4(1562 1577 1817 1802)
4(1126 1351 1817 1577)
4(1563 1578 1818 1803)
4(1577 1817 1818 1578)
4(1564 1579 1819 1804)
4(1578 1818 1819 1579)
4(1565 1580 1820 1805)
4(1579 1819 1820 1580)
4(1566 1581 1821 1806)
4(1580 1820 1821 1581)
4(1567 1582 1822 1807)
4(1581 1821 1822 1582)
4(1568 1583 1823 1808)
4(1582 1822 1823 1583)
4(1569 1584 1824 1809)
4(1583 1823 1824 1584)
4(1570 1585 1825 1810)
4(1584 1824 1825 1585)
4(1571 1586 1826 1811)
4(1585 1825 1826 1586)
4(1572 1587 1827 1812)
4(1586 1826 1827 1587)
4(1573 1588 1828 1813)
4(1587 1827 1828 1588)
4(1574 1589 1829 1814)
4(1588 1828 1829 1589)
4(1575 1590 1830 1815)
4(1589 1829 1830 1590)
4(1590 1830 1831 1591)
4(1577 1592 1832 1817)
4(1141 1366 1832 1592)
4(1578 1593 1833 1818)
4(1592 1832 1833 1593)
4(1579 1594 1834 1819)
4(1593 1833 1834 1594)
4(1580 1595 1835 1820)
4(1594 1834 1835 1595)
4(1581 1596 1836 1821)
4(1595 1835 1836 1596)
4(1582 1597 1837 1822)
4(1596 1836 1837 1597)
4(1583 1598 1838 1823)
4(1597 1837 1838 1598)
4(1584 1599 1839 1824)
4(1598 1838 1839 1599)
4(1585 1600 1840 1825)
4(1599 1839 1840 1600)
4(1586 1601 1841 1826)
4(1600 1840 1841 1601)
4(1587 1602 1842 1827)
4(1601 1841 1842 1602)
4(1588 1603 1843 1828)
4(1602 1842 1843 1603)
4(1589 1604 1844 1829)
4(1603 1843 1844 1604)
4(1590 1605 1845 1830)
4(1604 1844 1845 1605)
4(1605 1845 1846 1606)
4(1592 1607 1847 1832)
4(1156 1381 1847 1607)
4(1593 1608 1848 1833)
4(1607 1847 1848 1608)
4(1594 1609 1849 1834)
4(1608 1848 1849 1609)
4(1595 1610 1850 1835)
4(1609 1849 1850 1610)
4(1596 1611 1851 1836)
4(1610 1850 1851 1611)
4(1597 1612 1852 1837)
4(1611 1851 1852 1612)
4(1598 1613 1853 1838)
4(1612 1852 1853 1613)
4(1599 1614 1854 1839)
4(1613 1853 1854 1614)
4(1600 1615 1855 1840)
4(1614 1854 1855 1615)
4(1601 1616 1856 1841)
4(1615 1855 1856 1616)
4(1602 1617 1857 1842)
4(1616 1856 1857 1617)
4(1603 1618 1858 1843)
4(1617 1857 1858 1618)
4(1604 1619 1859 1844)
4(1618 1858 1859 1619)
4(1605 1620 1860 1845)
4(1619 1859 1860 1620)
4(1620 1860 1861 1621)
4(1607 1622 1862 1847)
4(1171 1396 1862 1622)
4(1608 1623 1863 1848)
4(1622 1862 1863 1623)
4(1609 1624 1864 1849)
4(1623 1863 1864 1624)
4(1610 1625 1865 1850)
4(1624 1864 1865 1625)
4(1611 1626 1866 1851)
4(1625 1865 1866 1626)
4(1612 1627 1867 1852)
4(1626 1866 1867 1627)
4(1613 1628 1868 1853)
4(1627 1867 1868 1628)
4(1614 1629 1869 1854)
4(1628 1868 1869 1629)
4(1615 1630 1870 1855)
4(1629 1869 1870 1630)
4(1616 1631 1871 1856)
4(1630 1870 1871 1631)
4(1617 1632 1872 1857)
4(1631 1871 1872 1632)
4(1618 1633 1873 1858)
4(1632 1872 1873 1633)
4(1619 1634 1874 1859)
4(1633 1873 1874 1634)
4(1620 1635 1875 1860)
4(1634 1874 1875 1635)
4(1635 1875 1876 1636)
4(1622 1637 1877 1862)
4(1186 1411 1877 1637)
4(1623 1638 1878 1863)
4(1637 1877 1878 1638)
4(1624 1639 1879 1864)
4(1638 1878 1879 1639)
4(1625 1640 1880 1865)
4(1639 1879 1880 1640)
4(1626 1641 1881 1866)
4(1640 1880 1881 1641)
4(1627 1642 1882 1867)
4(1641 1881 1882 1642)
4(1628 1643 1883 1868)
4(1642 1882 1883 1643)
4(1629 1644 1884 1869)
4(1643 1883 1884 1644)
4(1630 1645 1885 1870)
4(1644 1884 1885 1645)
4(1631 1646 1886 1871)
4(1645 1885 1886 1646)
4(1632 1647 1887 1872)
4(1646 1886 1887 1647)
4(1633 1648 1888 1873)
4(1647 1887 1888 1648)
4(1634 1649 1889 1874)
4(1648 1888 1889 1649)
4(1635 1650 1890 1875)
4(1649 1889 1890 1650)
4(1650 1890 1891 1651)
4(1637 1652 1892 1877)
4(1201 1426 1892 1652)
4(1638 1653 1893 1878)
4(1652 1892 1893 1653)
4(1639 1654 1894 1879)
4(1653 1893 1894 1654)
4(1640 1655 1895 1880)
4(1654 1894 1895 1655)
4(1641 1656 1896 1881)
4(1655 1895 1896 1656)
4(1642 1657 1897 1882)
4(1656 1896 1897 1657)
4(1643 1658 1898 1883)
4(1657 1897 1898 1658)
4(1644 1659 1899 1884)
4(1658 1898 1899 1659)
4(1645 1660 1900 1885)
4(1659 1899 1900 1660)
4(1646 1661 1901 1886)
4(1660 1900 1901 1661)
4(1647 1662 1902 1887)
4(1661 1901 1902 1662)
4(1648 1663 1903 1888)
4(1662 1902 1903 1663)
4(1649 1664 1904 1889)
4(1663 1903 1904 1664)
4(1650 1665 1905 1890)
4(1664 1904 1905 1665)
4(1665 1905 1906 1666)
4(1652 1667 1907 1892)
4(1216 1441 1907 1667)
4(1653 1668 1908 1893)
4(1667 1907 1908 1668)
4(1654 1669 1909 1894)
4(1668 1908 1909 1669)
4(1655 1670 1910 1895)
4(1669 1909 1910 1670)
4(1656 1671 1911 1896)
4(1670 1910 1911 1671)
4(1657 1672 1912 1897)
4(1671 1911 1912 1672)
4(1658 1673 1913 1898)
4(1672 1912 1913 1673)
4(1659 1674 1914 1899)
4(1673 1913 1914 1674)
4(1660 1675 1915 1900)
4(1674 1914 1915 1675)
4(1661 1676 1916 1901)
4(1675 1915 1916 1676)
4(1662 1677 1917 1902)
4(1676 1916 1917 1677)
4(1663 1678 1918 1903)
4(1677 1917 1918 1678)
4(1664 1679 1919 1904)
4(1678 1918 1919 1679)
4(1665 1680 1920 1905)
4(1679 1919 1920 1680)
4(1680 1920 1921 1681)
4(1667 1682 1922 1907)
4(1231 1456 1922 1682)
4(1668 1683 1923 1908)
4(1682 1922 1923 1683)
4(1669 1684 1924 1909)
4(1683 1923 1924 1684)
4(1670 1685 1925 1910)
4(1684 1924 1925 1685)
4(1671 1686 1926 1911)
4(1685 1925 1926 1686)
4(1672 1687 1927 1912)
4(1686 1926 1927 1687)
4(1673 1688 1928 1913)
4(1687 1927 1928 1688)
4(1674 1689 1929 1914)
4(1688 1928 1929 1689)
4(1675 1690 1930 1915)
4(1689 1929 1930 1690)
4(1676 1691 1931 1916)
4(1690 1930 1931 1691)
4(1677 1692 1932 1917)
4(1691 1931 1932 1692)
4(1678 1693 1933 1918)
4(1692 1932 1933 1693)
4(1679 1694 1934 1919)
4(1693 1933 1934 1694)
4(1680 1695 1935 1920)
4(1694 1934 1935 1695)
4(1695 1935 1936 1696)
4(1682 1697 1937 1922)
4(1683 1698 1938 1923)
4(1684 1699 1939 1924)
4(1685 1700 1940 1925)
4(1686 1701 1941 1926)
4(1687 1702 1942 1927)
4(1688 1703 1943 1928)
4(1689 1704 1944 1929)
4(1690 1705 1945 1930)
4(1691 1706 1946 1931)
4(1692 1707 1947 1932)
4(1693 1708 1948 1933)
4(1694 1709 1949 1934)
4(1695 1710 1950 1935)
4(0 1 257 256)
4(1 2 258 257)
4(2 3 259 258)
4(3 4 260 259)
4(4 5 261 260)
4(5 6 262 261)
4(6 7 263 262)
4(7 8 264 263)
4(8 9 265 264)
4(9 10 266 265)
4(10 11 267 266)
4(11 12 268 267)
4(12 13 269 268)
4(13 14 270 269)
4(14 15 271 270)
4(751 1006 1007 752)
4(752 1007 1008 753)
4(753 1008 1009 754)
4(754 1009 1010 755)
4(755 1010 1011 756)
4(756 1011 1012 757)
4(757 1012 1013 758)
4(758 1013 1014 759)
4(759 1014 1015 760)
4(760 1015 1016 761)
4(761 1016 1017 762)
4(762 1017 1018 763)
4(763 1018 1019 764)
4(764 1019 1020 765)
4(765 1020 1021 766)
4(766 1021 1457 1232)
4(1232 1457 1458 1233)
4(1233 1458 1459 1234)
4(1234 1459 1460 1235)
4(1235 1460 1461 1236)
4(1236 1461 1462 1237)
4(1237 1462 1463 1238)
4(1238 1463 1464 1239)
4(1239 1464 1465 1240)
4(1240 1465 1466 1241)
4(1241 1466 1467 1242)
4(1242 1467 1468 1243)
4(1243 1468 1469 1244)
4(1244 1469 1470 1245)
4(1245 1470 1471 1246)
4(1246 1471 1937 1697)
4(1697 1937 1938 1698)
4(1698 1938 1939 1699)
4(1699 1939 1940 1700)
4(1700 1940 1941 1701)
4(1701 1941 1942 1702)
4(1702 1942 1943 1703)
4(1703 1943 1944 1704)
4(1704 1944 1945 1705)
4(1705 1945 1946 1706)
4(1706 1946 1947 1707)
4(1707 1947 1948 1708)
4(1708 1948 1949 1709)
4(1709 1949 1950 1710)
4(1710 1950 1951 1711)
4(0 256 272 16)
4(16 272 288 32)
4(32 288 304 48)
4(48 304 320 64)
4(64 320 336 80)
4(80 336 352 96)
4(96 352 368 112)
4(112 368 384 128)
4(128 384 400 144)
4(144 400 416 160)
4(160 416 432 176)
4(176 432 448 192)
4(192 448 464 208)
4(208 464 480 224)
4(224 480 496 240)
4(512 513 768 767)
4(513 514 769 768)
4(514 515 770 769)
4(515 516 771 770)
4(516 517 772 771)
4(517 518 773 772)
4(518 519 774 773)
4(519 520 775 774)
4(520 521 776 775)
4(521 522 777 776)
4(522 523 778 777)
4(523 524 779 778)
4(524 525 780 779)
4(525 526 781 780)
4(526 240 496 781)
4(512 767 782 527)
4(527 782 798 543)
4(543 798 814 559)
4(559 814 830 575)
4(575 830 846 591)
4(591 846 862 607)
4(607 862 878 623)
4(623 878 894 639)
4(639 894 910 655)
4(655 910 926 671)
4(671 926 942 687)
4(687 942 958 703)
4(703 958 974 719)
4(719 974 990 735)
4(735 990 1006 751)
4(15 31 287 271)
4(31 47 303 287)
4(47 63 319 303)
4(63 79 335 319)
4(79 95 351 335)
4(95 111 367 351)
4(111 127 383 367)
4(127 143 399 383)
4(143 159 415 399)
4(159 175 431 415)
4(175 191 447 431)
4(191 207 463 447)
4(207 223 479 463)
4(223 239 495 479)
4(239 255 511 495)
4(255 1472 1712 511)
4(1472 1473 1713 1712)
4(1473 1474 1714 1713)
4(1474 1475 1715 1714)
4(1475 1476 1716 1715)
4(1476 1477 1717 1716)
4(1477 1478 1718 1717)
4(1478 1479 1719 1718)
4(1479 1480 1720 1719)
4(1480 1481 1721 1720)
4(1481 1482 1722 1721)
4(1482 1483 1723 1722)
4(1483 1484 1724 1723)
4(1484 1485 1725 1724)
4(1485 1486 1726 1725)
4(1486 1501 1741 1726)
4(1501 1516 1756 1741)
4(1516 1531 1771 1756)
4(1531 1546 1786 1771)
4(1546 1561 1801 1786)
4(1561 1576 1816 1801)
4(1576 1591 1831 1816)
4(1591 1606 1846 1831)
4(1606 1621 1861 1846)
4(1621 1636 1876 1861)
4(1636 1651 1891 1876)
4(1651 1666 1906 1891)
4(1666 1681 1921 1906)
4(1681 1696 1936 1921)
4(1696 1711 1951 1936)
4(0 16 17 1)
4(16 32 33 17)
4(32 48 49 33)
4(48 64 65 49)
4(64 80 81 65)
4(80 96 97 81)
4(96 112 113 97)
4(112 128 129 113)
4(128 144 145 129)
4(144 160 161 145)
4(160 176 177 161)
4(176 192 193 177)
4(192 208 209 193)
4(208 224 225 209)
4(224 240 241 225)
4(1 17 18 2)
4(17 33 34 18)
4(33 49 50 34)
4(49 65 66 50)
4(65 81 82 66)
4(81 97 98 82)
4(97 113 114 98)
4(113 129 130 114)
4(129 145 146 130)
4(145 161 162 146)
4(161 177 178 162)
4(177 193 194 178)
4(193 209 210 194)
4(209 225 226 210)
4(225 241 242 226)
4(2 18 19 3)
4(18 34 35 19)
4(34 50 51 35)
4(50 66 67 51)
4(66 82 83 67)
4(82 98 99 83)
4(98 114 115 99)
4(114 130 131 115)
4(130 146 147 131)
4(146 162 163 147)
4(162 178 179 163)
4(178 194 195 179)
4(194 210 211 195)
4(210 226 227 211)
4(226 242 243 227)
4(3 19 20 4)
4(19 35 36 20)
4(35 51 52 36)
4(51 67 68 52)
4(67 83 84 68)
4(83 99 100 84)
4(99 115 116 100)
4(115 131 132 116)
4(131 147 148 132)
4(147 163 164 148)
4(163 179 180 164)
4(179 195 196 180)
4(195 211 212 196)
4(211 227 228 212)
4(227 243 244 228)
4(4 20 21 5)
4(20 36 37 21)
4(36 52 53 37)
4(52 68 69 53)
4(68 84 85 69)
4(84 100 101 85)
4(100 116 117 101)
4(116 132 133 117)
4(132 148 149 133)
4(148 164 165 149)
4(164 180 181 165)
4(180 196 197 181)
4(196 212 213 197)
4(212 228 229 213)
4(228 244 245 229)
4(5 21 22 6)
4(21 37 38 22)
4(37 53 54 38)
4(53 69 70 54)
4(69 85 86 70)
4(85 101 102 86)
4(101 117 118 102)
4(117 133 134 118)
4(133 149 150 134)
4(149 165 166 150)
4(165 181 182 166)
4(181 197 198 182)
4(197 213 214 198)
4(213 229 230 214)
4(229 245 246 230)
4(6 22 23 7)
4(22 38 39 23)
4(38 54 55 39)
4(54 70 71 55)
4(70 86 87 71)
4(86 102 103 87)
4(102 118 119 103)
4(118 134 135 119)
4(134 150 151 135)
4(150 166 167 151)
4(166 182 183 167)
4(182 198 199 183)
4(198 214 215 199)
4(214 230 231 215)
4(230 246 247 231)
4(7 23 24 8)
4(23 39 40 24)
4(39 55 56 40)
4(55 71 72 56)
4(71 87 88 72)
4(87 103 104 88)
4(103 119 120 104)
4(119 135 136 120)
4(135 151 152 136)
4(151 167 168 152)
4(167 183 184 168)
4(183 199 200 184)
4(199 215 216 200)
4(215 231 232 216)
4(231 247 248 232)
4(8 24 25 9)
4(24 40 41 25)
4(40 56 57 41)
4(56 72 73 57)
4(72 88 89 73)
4(88 104 105 89)
4(104 120 121 105)
4(120 136 137 121)
4(136 152 153 137)
4(152 168 169 153)
4(168 184 185 169)
4(184 200 201 185)
4(200 216 217 201)
4(216 232 233 217)
4(232 248 249 233)
4(9 25 26 10)
4(25 41 42 26)
4(41 57 58 42)
4(57 73 74 58)
4(73 89 90 74)
4(89 105 106 90)
4(105 121 122 106)
4(121 137 138 122)
4(137 153 154 138)
4(153 169 170 154)
4(169 185 186 170)
4(185 201 202 186)
4(201 217 218 202)
4(217 233 234 218)
4(233 249 250 234)
4(10 26 27 11)
4(26 42 43 27)
4(42 58 59 43)
4(58 74 75 59)
4(74 90 91 75)
4(90 106 107 91)
4(106 122 123 107)
4(122 138 139 123)
4(138 154 155 139)
4(154 170 171 155)
4(170 186 187 171)
4(186 202 203 187)
4(202 218 219 203)
4(218 234 235 219)
4(234 250 251 235)
4(11 27 28 12)
4(27 43 44 28)
4(43 59 60 44)
4(59 75 76 60)
4(75 91 92 76)
4(91 107 108 92)
4(107 123 124 108)
4(123 139 140 124)
4(139 155 156 140)
4(155 171 172 156)
4(171 187 188 172)
4(187 203 204 188)
4(203 219 220 204)
4(219 235 236 220)
4(235 251 252 236)
4(12 28 29 13)
4(28 44 45 29)
4(44 60 61 45)
4(60 76 77 61)
4(76 92 93 77)
4(92 108 109 93)
4(108 124 125 109)
4(124 140 141 125)
4(140 156 157 141)
4(156 172 173 157)
4(172 188 189 173)
4(188 204 205 189)
4(204 220 221 205)
4(220 236 237 221)
4(236 252 253 237)
4(13 29 30 14)
4(29 45 46 30)
4(45 61 62 46)
4(61 77 78 62)
4(77 93 94 78)
4(93 109 110 94)
4(109 125 126 110)
4(125 141 142 126)
4(141 157 158 142)
4(157 173 174 158)
4(173 189 190 174)
4(189 205 206 190)
4(205 221 222 206)
4(221 237 238 222)
4(237 253 254 238)
4(14 30 31 15)
4(30 46 47 31)
4(46 62 63 47)
4(62 78 79 63)
4(78 94 95 79)
4(94 110 111 95)
4(110 126 127 111)
4(126 142 143 127)
4(142 158 159 143)
4(158 174 175 159)
4(174 190 191 175)
4(190 206 207 191)
4(206 222 223 207)
4(222 238 239 223)
4(238 254 255 239)
4(512 527 528 513)
4(527 543 544 528)
4(543 559 560 544)
4(559 575 576 560)
4(575 591 592 576)
4(591 607 608 592)
4(607 623 624 608)
4(623 639 640 624)
4(639 655 656 640)
4(655 671 672 656)
4(671 687 688 672)
4(687 703 704 688)
4(703 719 720 704)
4(719 735 736 720)
4(735 751 752 736)
4(513 528 529 514)
4(528 544 545 529)
4(544 560 561 545)
4(560 576 577 561)
4(576 592 593 577)
4(592 608 609 593)
4(608 624 625 609)
4(624 640 641 625)
4(640 656 657 641)
4(656 672 673 657)
4(672 688 689 673)
4(688 704 705 689)
4(704 720 721 705)
4(720 736 737 721)
4(736 752 753 737)
4(514 529 530 515)
4(529 545 546 530)
4(545 561 562 546)
4(561 577 578 562)
4(577 593 594 578)
4(593 609 610 594)
4(609 625 626 610)
4(625 641 642 626)
4(641 657 658 642)
4(657 673 674 658)
4(673 689 690 674)
4(689 705 706 690)
4(705 721 722 706)
4(721 737 738 722)
4(737 753 754 738)
4(515 530 531 516)
4(530 546 547 531)
4(546 562 563 547)
4(562 578 579 563)
4(578 594 595 579)
4(594 610 611 595)
4(610 626 627 611)
4(626 642 643 627)
4(642 658 659 643)
4(658 674 675 659)
4(674 690 691 675)
4(690 706 707 691)
4(706 722 723 707)
4(722 738 739 723)
4(738 754 755 739)
4(516 531 532 517)
4(531 547 548 532)
4(547 563 564 548)
4(563 579 580 564)
4(579 595 596 580)
4(595 611 612 596)
4(611 627 628 612)
4(627 643 644 628)
4(643 659 660 644)
4(659 675 676 660)
4(675 691 692 676)
4(691 707 708 692)
4(707 723 724 708)
4(723 739 740 724)
4(739 755 756 740)
4(517 532 533 518)
4(532 548 549 533)
4(548 564 565 549)
4(564 580 581 565)
4(580 596 597 581)
4(596 612 613 597)
4(612 628 629 613)
4(628 644 645 629)
4(644 660 661 645)
4(660 676 677 661)
4(676 692 693 677)
4(692 708 709 693)
4(708 724 725 709)
4(724 740 741 725)
4(740 756 757 741)
4(518 533 534 519)
4(533 549 550 534)
4(549 565 566 550)
4(565 581 582 566)
4(581 597 598 582)
4(597 613 614 598)
4(613 629 630 614)
4(629 645 646 630)
4(645 661 662 646)
4(661 677 678 662)
4(677 693 694 678)
4(693 709 710 694)
4(709 725 726 710)
4(725 741 742 726)
4(741 757 758 742)
4(519 534 535 520)
4(534 550 551 535)
4(550 566 567 551)
4(566 582 583 567)
4(582 598 599 583)
4(598 614 615 599)
4(614 630 631 615)
4(630 646 647 631)
4(646 662 663 647)
4(662 678 679 663)
4(678 694 695 679)
4(694 710 711 695)
4(710 726 727 711)
4(726 742 743 727)
4(742 758 759 743)
4(520 535 536 521)
4(535 551 552 536)
4(551 567 568 552)
4(567 583 584 568)
4(583 599 600 584)
4(599 615 616 600)
4(615 631 632 616)
4(631 647 648 632)
4(647 663 664 648)
4(663 679 680 664)
4(679 695 696 680)
4(695 711 712 696)
4(711 727 728 712)
4(727 743 744 728)
4(743 759 760 744)
4(521 536 537 522)
4(536 552 553 537)
4(552 568 569 553)
4(568 584 585 569)
4(584 600 601 585)
4(600 616 617 601)
4(616 632 633 617)
4(632 648 649 633)
4(648 664 665 649)
4(664 680 681 665)
4(680 696 697 681)
4(696 712 713 697)
4(712 728 729 713)
4(728 744 745 729)
4(744 760 761 745)
4(522 537 538 523)
4(537 553 554 538)
4(553 569 570 554)
4(569 585 586 570)
4(585 601 602 586)
4(601 617 618 602)
4(617 633 634 618)
4(633 649 650 634)
4(649 665 666 650)
4(665 681 682 666)
4(681 697 698 682)
4(697 713 714 698)
4(713 729 730 714)
4(729 745 746 730)
4(745 761 762 746)
4(523 538 539 524)
4(538 554 555 539)
4(554 570 571 555)
4(570 586 587 571)
4(586 602 603 587)
4(602 618 619 603)
4(618 634 635 619)
4(634 650 651 635)
4(650 666 667 651)
4(666 682 683 667)
4(682 698 699 683)
4(698 714 715 699)
4(714 730 731 715)
4(730 746 747 731)
4(746 762 763 747)
4(524 539 540 525)
4(539 555 556 540)
4(555 571 572 556)
4(571 587 588 572)
4(587 603 604 588)
4(603 619 620 604)
4(619 635 636 620)
4(635 651 652 636)
4(651 667 668 652)
4(667 683 684 668)
4(683 699 700 684)
4(699 715 716 700)
4(715 731 732 716)
4(731 747 748 732)
4(747 763 764 748)
4(525 540 541 526)
4(540 556 557 541)
4(556 572 573 557)
4(572 588 589 573)
4(588 604 605 589)
4(604 620 621 605)
4(620 636 637 621)
4(636 652 653 637)
4(652 668 669 653)
4(668 684 685 669)
4(684 700 701 685)
4(700 716 717 701)
4(716 732 733 717)
4(732 748 749 733)
4(748 764 765 749)
4(526 541 542 240)
4(541 557 558 542)
4(557 573 574 558)
4(573 589 590 574)
4(589 605 606 590)
4(605 621 622 606)
4(621 637 638 622)
4(637 653 654 638)
4(653 669 670 654)
4(669 685 686 670)
4(685 701 702 686)
4(701 717 718 702)
4(717 733 734 718)
4(733 749 750 734)
4(749 765 766 750)
4(240 542 1022 241)
4(542 558 1037 1022)
4(558 574 1052 1037)
4(574 590 1067 1052)
4(590 606 1082 1067)
4(606 622 1097 1082)
4(622 638 1112 1097)
4(638 654 1127 1112)
4(654 670 1142 1127)
4(670 686 1157 1142)
4(686 702 1172 1157)
4(702 718 1187 1172)
4(718 734 1202 1187)
4(734 750 1217 1202)
4(750 766 1232 1217)
4(241 1022 1023 242)
4(1022 1037 1038 1023)
4(1037 1052 1053 1038)
4(1052 1067 1068 1053)
4(1067 1082 1083 1068)
4(1082 1097 1098 1083)
4(1097 1112 1113 1098)
4(1112 1127 1128 1113)
4(1127 1142 1143 1128)
4(1142 1157 1158 1143)
4(1157 1172 1173 1158)
4(1172 1187 1188 1173)
4(1187 1202 1203 1188)
4(1202 1217 1218 1203)
4(1217 1232 1233 1218)
4(242 1023 1024 243)
4(1023 1038 1039 1024)
4(1038 1053 1054 1039)
4(1053 1068 1069 1054)
4(1068 1083 1084 1069)
4(1083 1098 1099 1084)
4(1098 1113 1114 1099)
4(1113 1128 1129 1114)
4(1128 1143 1144 1129)
4(1143 1158 1159 1144)
4(1158 1173 1174 1159)
4(1173 1188 1189 1174)
4(1188 1203 1204 1189)
4(1203 1218 1219 1204)
4(1218 1233 1234 1219)
4(243 1024 1025 244)
4(1024 1039 1040 1025)
4(1039 1054 1055 1040)
4(1054 1069 1070 1055)
4(1069 1084 1085 1070)
4(1084 1099 1100 1085)
4(1099 1114 1115 1100)
4(1114 1129 1130 1115)
4(1129 1144 1145 1130)
4(1144 1159 1160 1145)
4(1159 1174 1175 1160)
4(1174 1189 1190 1175)
4(1189 1204 1205 1190)
4(1204 1219 1220 1205)
4(1219 1234 1235 1220)
4(244 1025 1026 245)
4(1025 1040 1041 1026)
4(1040 1055 1056 1041)
4(1055 1070 1071 1056)
4(1070 1085 1086 1071)
4(1085 1100 1101 1086)
4(1100 1115 1116 1101)
4(1115 1130 1131 1116)
4(1130 1145 1146 1131)
4(1145 1160 1161 1146)
4(1160 1175 1176 1161)
4(1175 1190 1191 1176)
4(1190 1205 1206 1191)
4(1205 1220 1221 1206)
4(1220 1235 1236 1221)
4(245 1026 1027 246)
4(1026 1041 1042 1027)
4(1041 1056 1057 1042)
4(1056 1071 1072 1057)
4(1071 1086 1087 1072)
4(1086 1101 1102 1087)
4(1101 1116 1117 1102)
4(1116 1131 1132 1117)
4(1131 1146 1147 1132)
4(1146 1161 1162 1147)
4(1161 1176 1177 1162)
4(1176 1191 1192 1177)
4(1191 1206 1207 1192)
4(1206 1221 1222 1207)
4(1221 1236 1237 1222)
4(246 1027 1028 247)
4(1027 1042 1043 1028)
4(1042 1057 1058 1043)
4(1057 1072 1073 1058)
4(1072 1087 1088 1073)
4(1087 1102 1103 1088)
4(1102 1117 1118 1103)
4(1117 1132 1133 1118)
4(1132 1147 1148 1133)
4(1147 1162 1163 1148)
4(1162 1177 1178 1163)
4(1177 1192 1193 1178)
4(1192 1207 1208 1193)
4(1207 1222 1223 1208)
4(1222 1237 1238 1223)
4(247 1028 1029 248)
4(1028 1043 1044 1029)
4(1043 1058 1059 1044)
4(1058 1073 1074 1059)
4(1073 1088 1089 1074)
4(1088 1103 1104 1089)
4(1103 1118 1119 1104)
4(1118 1133 1134 1119)
4(1133 1148 1149 1134)
4(1148 1163 1164 1149)
4(1163 1178 1179 1164)
4(1178 1193 1194 1179)
4(1193 1208 1209 1194)
4(1208 1223 1224 1209)
4(1223 1238 1239 1224)
4(248 1029 1030 249)
4(1029 1044 1045 1030)
4(1044 1059 1060 1045)
4(1059 1074 1075 1060)
4(1074 1089 1090 1075)
4(1089 1104 1105 1090)
4(1104 1119 1120 1105)
4(1119 1134 1135 1120)
4(1134 1149 1150 1135)
4(1149 1164 1165 1150)
4(1164 1179 1180 1165)
4(1179 1194 1195 1180)
4(1194 1209 1210 1195)
4(1209 1224 1225 1210)
4(1224 1239 1240 1225)
4(249 1030 1031 250)
4(1030 1045 1046 1031)
4(1045 1060 1061 1046)
4(1060 1075 1076 1061)
4(1075 1090 1091 1076)
4(1090 1105 1106 1091)
4(1105 1120 1121 1106)
4(1120 1135 1136 1121)
4(1135 1150 1151 1136)
4(1150 1165 1166 1151)
4(1165 1180 1181 1166)
4(1180 1195 1196 1181)
4(1195 1210 1211 1196)
4(1210 1225 1226 1211)
4(1225 1240 1241 1226)
4(250 1031 1032 251)
4(1031 1046 1047 1032)
4(1046 1061 1062 1047)
4(1061 1076 1077 1062)
4(1076 1091 1092 1077)
4(1091 1106 1107 1092)
4(1106 1121 1122 1107)
4(1121 1136 1137 1122)
4(1136 1151 1152 1137)
4(1151 1166 1167 1152)
4(1166 1181 1182 1167)
4(1181 1196 1197 1182)
4(1196 1211 1212 1197)
4(1211 1226 1227 1212)
4(1226 1241 1242 1227)
4(251 1032 1033 252)
4(1032 1047 1048 1033)
4(1047 1062 1063 1048)
4(1062 1077 1078 1063)
4(1077 1092 1093 1078)
4(1092 1107 1108 1093)
4(1107 1122 1123 1108)
4(1122 1137 1138 1123)
4(1137 1152 1153 1138)
4(1152 1167 1168 1153)
4(1167 1182 1183 1168)
4(1182 1197 1198 1183)
4(1197 1212 1213 1198)
4(1212 1227 1228 1213)
4(1227 1242 1243 1228)
4(252 1033 1034 253)
4(1033 1048 1049 1034)
4(1048 1063 1064 1049)
4(1063 1078 1079 1064)
4(1078 1093 1094 1079)
4(1093 1108 1109 1094)
4(1108 1123 1124 1109)
4(1123 1138 1139 1124)
4(1138 1153 1154 1139)
4(1153 1168 1169 1154)
4(1168 1183 1184 1169)
4(1183 1198 1199 1184)
4(1198 1213 1214 1199)
4(1213 1228 1229 1214)
4(1228 1243 1244 1229)
4(253 1034 1035 254)
4(1034 1049 1050 1035)
4(1049 1064 1065 1050)
4(1064 1079 1080 1065)
4(1079 1094 1095 1080)
4(1094 1109 1110 1095)
4(1109 1124 1125 1110)
4(1124 1139 1140 1125)
4(1139 1154 1155 1140)
4(1154 1169 1170 1155)
4(1169 1184 1185 1170)
4(1184 1199 1200 1185)
4(1199 1214 1215 1200)
4(1214 1229 1230 1215)
4(1229 1244 1245 1230)
4(254 1035 1036 255)
4(1035 1050 1051 1036)
4(1050 1065 1066 1051)
4(1065 1080 1081 1066)
4(1080 1095 1096 1081)
4(1095 1110 1111 1096)
4(1110 1125 1126 1111)
4(1125 1140 1141 1126)
4(1140 1155 1156 1141)
4(1155 1170 1171 1156)
4(1170 1185 1186 1171)
4(1185 1200 1201 1186)
4(1200 1215 1216 1201)
4(1215 1230 1231 1216)
4(1230 1245 1246 1231)
4(255 1036 1487 1472)
4(1036 1051 1502 1487)
4(1051 1066 1517 1502)
4(1066 1081 1532 1517)
4(1081 1096 1547 1532)
4(1096 1111 1562 1547)
4(1111 1126 1577 1562)
4(1126 1141 1592 1577)
4(1141 1156 1607 1592)
4(1156 1171 1622 1607)
4(1171 1186 1637 1622)
4(1186 1201 1652 1637)
4(1201 1216 1667 1652)
4(1216 1231 1682 1667)
4(1231 1246 1697 1682)
4(1472 1487 1488 1473)
4(1487 1502 1503 1488)
4(1502 1517 1518 1503)
4(1517 1532 1533 1518)
4(1532 1547 1548 1533)
4(1547 1562 1563 1548)
4(1562 1577 1578 1563)
4(1577 1592 1593 1578)
4(1592 1607 1608 1593)
4(1607 1622 1623 1608)
4(1622 1637 1638 1623)
4(1637 1652 1653 1638)
4(1652 1667 1668 1653)
4(1667 1682 1683 1668)
4(1682 1697 1698 1683)
4(1473 1488 1489 1474)
4(1488 1503 1504 1489)
4(1503 1518 1519 1504)
4(1518 1533 1534 1519)
4(1533 1548 1549 1534)
4(1548 1563 1564 1549)
4(1563 1578 1579 1564)
4(1578 1593 1594 1579)
4(1593 1608 1609 1594)
4(1608 1623 1624 1609)
4(1623 1638 1639 1624)
4(1638 1653 1654 1639)
4(1653 1668 1669 1654)
4(1668 1683 1684 1669)
4(1683 1698 1699 1684)
4(1474 1489 1490 1475)
4(1489 1504 1505 1490)
4(1504 1519 1520 1505)
4(1519 1534 1535 1520)
4(1534 1549 1550 1535)
4(1549 1564 1565 1550)
4(1564 1579 1580 1565)
4(1579 1594 1595 1580)
4(1594 1609 1610 1595)
4(1609 1624 1625 1610)
4(1624 1639 1640 1625)
4(1639 1654 1655 1640)
4(1654 1669 1670 1655)
4(1669 1684 1685 1670)
4(1684 1699 1700 1685)
4(1475 1490 1491 1476)
4(1490 1505 1506 1491)
4(1505 1520 1521 1506)
4(1520 1535 1536 1521)
4(1535 1550 1551 1536)
4(1550 1565 1566 1551)
4(1565 1580 1581 1566)
4(1580 1595 1596 1581)
4(1595 1610 1611 1596)
4(1610 1625 1626 1611)
4(1625 1640 1641 1626)
4(1640 1655 1656 1641)
4(1655 1670 1671 1656)
4(1670 1685 1686 1671)
4(1685 1700 1701 1686)
4(1476 1491 1492 1477)
4(1491 1506 1507 1492)
4(1506 1521 1522 1507)
4(1521 1536 1537 1522)
4(1536 1551 1552 1537)
4(1551 1566 1567 1552)
4(1566 1581 1582 1567)
4(1581 1596 1597 1582)
4(1596 1611 1612 1597)
4(1611 1626 1627 1612)
4(1626 1641 1642 1627)
4(1641 1656 1657 1642)
4(1656 1671 1672 1657)
4(1671 1686 1687 1672)
4(1686 1701 1702 1687)
4(1477 1492 1493 1478)
4(1492 1507 1508 1493)
4(1507 1522 1523 1508)
4(1522 1537 1538 1523)
4(1537 1552 1553 1538)
4(1552 1567 1568 1553)
4(1567 1582 1583 1568)
4(1582 1597 1598 1583)
4(1597 1612 1613 1598)
4(1612 1627 1628 1613)
4(1627 1642 1643 1628)
4(1642 1657 1658 1643)
4(1657 1672 1673 1658)
4(1672 1687 1688 1673)
4(1687 1702 1703 1688)
4(1478 1493 1494 1479)
4(1493 1508 1509 1494)
4(1508 1523 1524 1509)
4(1523 1538 1539 1524)
4(1538 1553 1554 1539)
4(1553 1568 1569 1554)
4(1568 1583 1584 1569)
4(1583 1598 1599 1584)
4(1598 1613 1614 1599)
4(1613 1628 1629 1614)
4(1628 1643 1644 1629)
4(1643 1658 1659 1644)
4(1658 1673 1674 1659)
4(1673 1688 1689 1674)
4(1688 1703 1704 1689)
4(1479 1494 1495 1480)
4(1494 1509 1510 1495)
4(1509 1524 1525 1510)
4(1524 1539 1540 1525)
4(1539 1554 1555 1540)
4(1554 1569 1570 1555)
4(1569 1584 1585 1570)
4(1584 1599 1600 1585)
4(1599 1614 1615 1600)
4(1614 1629 1630 1615)
4(1629 1644 1645 1630)
4(1644 1659 1660 1645)
4(1659 1674 1675 1660)
4(1674 1689 1690 1675)
4(1689 1704 1705 1690)
4(1480 1495 1496 1481)
4(1495 1510 1511 1496)
4(1510 1525 1526 1511)
4(1525 1540 1541 1526)
4(1540 1555 1556 1541)
4(1555 1570 1571 1556)
4(1570 1585 1586 1571)
4(1585 1600 1601 1586)
4(1600 1615 1616 1601)
4(1615 1630 1631 1616)
4(1630 1645 1646 1631)
4(1645 1660 1661 1646)
4(1660 1675 1676 1661)
4(1675 1690 1691 1676)
4(1690 1705 1706 1691)
4(1481 1496 1497 1482)
4(1496 1511 1512 1497)
4(1511 1526 1527 1512)
4(1526 1541 1542 1527)
4(1541 1556 1557 1542)
4(1556 1571 1572 1557)
4(1571 1586 1587 1572)
4(1586 1601 1602 1587)
4(1601 1616 1617 1602)
4(1616 1631 1632 1617)
4(1631 1646 1647 1632)
4(1646 1661 1662 1647)
4(1661 1676 1677 1662)
4(1676 1691 1692 1677)
4(1691 1706 1707 1692)
4(1482 1497 1498 1483)
4(1497 1512 1513 1498)
4(1512 1527 1528 1513)
4(1527 1542 1543 1528)
4(1542 1557 1558 1543)
4(1557 1572 1573 1558)
4(1572 1587 1588 1573)
4(1587 1602 1603 1588)
4(1602 1617 1618 1603)
4(1617 1632 1633 1618)
4(1632 1647 1648 1633)
4(1647 1662 1663 1648)
4(1662 1677 1678 1663)
4(1677 1692 1693 1678)
4(1692 1707 1708 1693)
4(1483 1498 1499 1484)
4(1498 1513 1514 1499)
4(1513 1528 1529 1514)
4(1528 1543 1544 1529)
4(1543 1558 1559 1544)
4(1558 1573 1574 1559)
4(1573 1588 1589 1574)
4(1588 1603 1604 1589)
4(1603 1618 1619 1604)
4(1618 1633 1634 1619)
4(1633 1648 1649 1634)
4(1648 1663 1664 1649)
4(1663 1678 1679 1664)
4(1678 1693 1694 1679)
4(1693 1708 1709 1694)
4(1484 1499 1500 1485)
4(1499 1514 1515 1500)
4(1514 1529 1530 1515)
4(1529 1544 1545 1530)
4(1544 1559 1560 1545)
4(1559 1574 1575 1560)
4(1574 1589 1590 1575)
4(1589 1604 1605 1590)
4(1604 1619 1620 1605)
4(1619 1634 1635 1620)
4(1634 1649 1650 1635)
4(1649 1664 1665 1650)
4(1664 1679 1680 1665)
4(1679 1694 1695 1680)
4(1694 1709 1710 1695)
4(1485 1500 1501 1486)
4(1500 1515 1516 1501)
4(1515 1530 1531 1516)
4(1530 1545 1546 1531)
4(1545 1560 1561 1546)
4(1560 1575 1576 1561)
4(1575 1590 1591 1576)
4(1590 1605 1606 1591)
4(1605 1620 1621 1606)
4(1620 1635 1636 1621)
4(1635 1650 1651 1636)
4(1650 1665 1666 1651)
4(1665 1680 1681 1666)
4(1680 1695 1696 1681)
4(1695 1710 1711 1696)
4(256 257 273 272)
4(272 273 289 288)
4(288 289 305 304)
4(304 305 321 320)
4(320 321 337 336)
4(336 337 353 352)
4(352 353 369 368)
4(368 369 385 384)
4(384 385 401 400)
4(400 401 417 416)
4(416 417 433 432)
4(432 433 449 448)
4(448 449 465 464)
4(464 465 481 480)
4(480 481 497 496)
4(257 258 274 273)
4(273 274 290 289)
4(289 290 306 305)
4(305 306 322 321)
4(321 322 338 337)
4(337 338 354 353)
4(353 354 370 369)
4(369 370 386 385)
4(385 386 402 401)
4(401 402 418 417)
4(417 418 434 433)
4(433 434 450 449)
4(449 450 466 465)
4(465 466 482 481)
4(481 482 498 497)
4(258 259 275 274)
4(274 275 291 290)
4(290 291 307 306)
4(306 307 323 322)
4(322 323 339 338)
4(338 339 355 354)
4(354 355 371 370)
4(370 371 387 386)
4(386 387 403 402)
4(402 403 419 418)
4(418 419 435 434)
4(434 435 451 450)
4(450 451 467 466)
4(466 467 483 482)
4(482 483 499 498)
4(259 260 276 275)
4(275 276 292 291)
4(291 292 308 307)
4(307 308 324 323)
4(323 324 340 339)
4(339 340 356 355)
4(355 356 372 371)
4(371 372 388 387)
4(387 388 404 403)
4(403 404 420 419)
4(419 420 436 435)
4(435 436 452 451)
4(451 452 468 467)
4(467 468 484 483)
4(483 484 500 499)
4(260 261 277 276)
4(276 277 293 292)
4(292 293 309 308)
4(308 309 325 324)
4(324 325 341 340)
4(340 341 357 356)
4(356 357 373 372)
4(372 373 389 388)
4(388 389 405 404)
4(404 405 421 420)
4(420 421 437 436)
4(436 437 453 452)
4(452 453 469 468)
4(468 469 485 484)
4(484 485 501 500)
4(261 262 278 277)
4(277 278 294 293)
4(293 294 310 309)
4(309 310 326 325)
4(325 326 342 341)
4(341 342 358 357)
4(357 358 374 373)
4(373 374 390 389)
4(389 390 406 405)
4(405 406 422 421)
4(421 422 438 437)
4(437 438 454 453)
4(453 454 470 469)
4(469 470 486 485)
4(485 486 502 501)
4(262 263 279 278)
4(278 279 295 294)
4(294 295 311 310)
4(310 311 327 326)
4(326 327 343 342)
4(342 343 359 358)
4(358 359 375 374)
4(374 375 391 390)
4(390 391 407 406)
4(406 407 423 422)
4(422 423 439 438)
4(438 439 455 454)
4(454 455 471 470)
4(470 471 487 486)
4(486 487 503 502)
4(263 264 280 279)
4(279 280 296 295)
4(295 296 312 311)
4(311 312 328 327)
4(327 328 344 343)
4(343 344 360 359)
4(359 360 376 375)
4(375 376 392 391)
4(391 392 408 407)
4(407 408 424 423)
4(423 424 440 439)
4(439 440 456 455)
4(455 456 472 471)
4(471 472 488 487)
4(487 488 504 503)
4(264 265 281 280)
4(280 281 297 296)
4(296 297 313 312)
4(312 313 329 328)
4(328 329 345 344)
4(344 345 361 360)
4(360 361 377 376)
4(376 377 393 392)
4(392 393 409 408)
4(408 409 425 424)
4(424 425 441 440)
4(440 441 457 456)
4(456 457 473 472)
4(472 473 489 488)
4(488 489 505 504)
4(265 266 282 281)
4(281 282 298 297)
4(297 298 314 313)
4(313 314 330 329)
4(329 330 346 345)
4(345 346 362 361)
4(361 362 378 377)
4(377 378 394 393)
4(393 394 410 409)
4(409 410 426 425)
4(425 426 442 441)
4(441 442 458 457)
4(457 458 474 473)
4(473 474 490 489)
4(489 490 506 505)
4(266 267 283 282)
4(282 283 299 298)
4(298 299 315 314)
4(314 315 331 330)
4(330 331 347 346)
4(346 347 363 362)
4(362 363 379 378)
4(378 379 395 394)
4(394 395 411 410)
4(410 411 427 426)
4(426 427 443 442)
4(442 443 459 458)
4(458 459 475 474)
4(474 475 491 490)
4(490 491 507 506)
4(267 268 284 283)
4(283 284 300 299)
4(299 300 316 315)
4(315 316 332 331)
4(331 332 348 347)
4(347 348 364 363)
4(363 364 380 379)
4(379 380 396 395)
4(395 396 412 411)
4(411 412 428 427)
4(427 428 444 443)
4(443 444 460 459)
4(459 460 476 475)
4(475 476 492 491)
4(491 492 508 507)
4(268 269 285 284)
4(284 285 301 300)
4(300 301 317 316)
4(316 317 333 332)
4(332 333 349 348)
4(348 349 365 364)
4(364 365 381 380)
4(380 381 397 396)
4(396 397 413 412)
4(412 413 429 428)
4(428 429 445 444)
4(444 445 461 460)
4(460 461 477 476)
4(476 477 493 492)
4(492 493 509 508)
4(269 270 286 285)
4(285 286 302 301)
4(301 302 318 317)
4(317 318 334 333)
4(333 334 350 349)
4(349 350 366 365)
4(365 366 382 381)
4(381 382 398 397)
4(397 398 414 413)
4(413 414 430 429)
4(429 430 446 445)
4(445 446 462 461)
4(461 462 478 477)
4(477 478 494 493)
4(493 494 510 509)
4(270 271 287 286)
4(286 287 303 302)
4(302 303 319 318)
4(318 319 335 334)
4(334 335 351 350)
4(350 351 367 366)
4(366 367 383 382)
4(382 383 399 398)
4(398 399 415 414)
4(414 415 431 430)
4(430 431 447 446)
4(446 447 463 462)
4(462 463 479 478)
4(478 479 495 494)
4(494 495 511 510)
4(767 768 783 782)
4(782 783 799 798)
4(798 799 815 814)
4(814 815 831 830)
4(830 831 847 846)
4(846 847 863 862)
4(862 863 879 878)
4(878 879 895 894)
4(894 895 911 910)
4(910 911 927 926)
4(926 927 943 942)
4(942 943 959 958)
4(958 959 975 974)
4(974 975 991 990)
4(990 991 1007 1006)
4(768 769 784 783)
4(783 784 800 799)
4(799 800 816 815)
4(815 816 832 831)
4(831 832 848 847)
4(847 848 864 863)
4(863 864 880 879)
4(879 880 896 895)
4(895 896 912 911)
4(911 912 928 927)
4(927 928 944 943)
4(943 944 960 959)
4(959 960 976 975)
4(975 976 992 991)
4(991 992 1008 1007)
4(769 770 785 784)
4(784 785 801 800)
4(800 801 817 816)
4(816 817 833 832)
4(832 833 849 848)
4(848 849 865 864)
4(864 865 881 880)
4(880 881 897 896)
4(896 897 913 912)
4(912 913 929 928)
4(928 929 945 944)
4(944 945 961 960)
4(960 961 977 976)
4(976 977 993 992)
4(992 993 1009 1008)
4(770 771 786 785)
4(785 786 802 801)
4(801 802 818 817)
4(817 818 834 833)
4(833 834 850 849)
4(849 850 866 865)
4(865 866 882 881)
4(881 882 898 897)
4(897 898 914 913)
4(913 914 930 929)
4(929 930 946 945)
4(945 946 962 961)
4(961 962 978 977)
4(977 978 994 993)
4(993 994 1010 1009)
4(771 772 787 786)
4(786 787 803 802)
4(802 803 819 818)
4(818 819 835 834)
4(834 835 851 850)
4(850 851 867 866)
4(866 867 883 882)
4(882 883 899 898)
4(898 899 915 914)
4(914 915 931 930)
4(930 931 947 946)
4(946 947 963 962)
4(962 963 979 978)
4(978 979 995 994)
4(994 995 1011 1010)
4(772 773 788 787)
4(787 788 804 803)
4(803 804 820 819)
4(819 820 836 835)
4(835 836 852 851)
4(851 852 868 867)
4(867 868 884 883)
4(883 884 900 899)
4(899 900 916 915)
4(915 916 932 931)
4(931 932 948 947)
4(947 948 964 963)
4(963 964 980 979)
4(979 980 996 995)
4(995 996 1012 1011)
4(773 774 789 788)
4(788 789 805 804)
4(804 805 821 820)
4(820 821 837 836)
4(836 837 853 852)
4(852 853 869 868)
4(868 869 885 884)
4(884 885 901 900)
4(900 901 917 916)
4(916 917 933 932)
4(932 933 949 948)
4(948 949 965 964)
4(964 965 981 980)
4(980 981 997 996)
4(996 997 1013 1012)
4(774 775 790 789)
4(789 790 806 805)
4(805 806 822 821)
4(821 822 838 837)
4(837 838 854 853)
4(853 854 870 869)
4(869 870 886 885)
4(885 886 902 901)
4(901 902 918 917)
4(917 918 934 933)
4(933 934 950 949)
4(949 950 966 965)
4(965 966 982 981)
4(981 982 998 997)
4(997 998 1014 1013)
4(775 776 791 790)
4(790 791 807 806)
4(806 807 823 822)
4(822 823 839 838)
4(838 839 855 854)
4(854 855 871 870)
4(870 871 887 886)
4(886 887 903 902)
4(902 903 919 918)
4(918 919 935 934)
4(934 935 951 950)
4(950 951 967 966)
4(966 967 983 982)
4(982 983 999 998)
4(998 999 1015 1014)
4(776 777 792 791)
4(791 792 808 807)
4(807 808 824 823)
4(823 824 840 839)
4(839 840 856 855)
4(855 856 872 871)
4(871 872 888 887)
4(887 888 904 903)
4(903 904 920 919)
4(919 920 936 935)
4(935 936 952 951)
4(951 952 968 967)
4(967 968 984 983)
4(983 984 1000 999)
4(999 1000 1016 1015)
4(777 778 793 792)
4(792 793 809 808)
4(808 809 825 824)
4(824 825 841 840)
4(840 841 857 856)
4(856 857 873 872)
4(872 873 889 888)
4(888 889 905 904)
4(904 905 921 920)
4(920 921 937 936)
4(936 937 953 952)
4(952 953 969 968)
4(968 969 985 984)
4(984 985 1001 1000)
4(1000 1001 1017 1016)
4(778 779 794 793)
4(793 794 810 809)
4(809 810 826 825)
4(825 826 842 841)
4(841 842 858 857)
4(857 858 874 873)
4(873 874 890 889)
4(889 890 906 905)
4(905 906 922 921)
4(921 922 938 937)
4(937 938 954 953)
4(953 954 970 969)
4(969 970 986 985)
4(985 986 1002 1001)
4(1001 1002 1018 1017)
4(779 780 795 794)
4(794 795 811 810)
4(810 811 827 826)
4(826 827 843 842)
4(842 843 859 858)
4(858 859 875 874)
4(874 875 891 890)
4(890 891 907 906)
4(906 907 923 922)
4(922 923 939 938)
4(938 939 955 954)
4(954 955 971 970)
4(970 971 987 986)
4(986 987 1003 1002)
4(1002 1003 1019 1018)
4(780 781 796 795)
4(795 796 812 811)
4(811 812 828 827)
4(827 828 844 843)
4(843 844 860 859)
4(859 860 876 875)
4(875 876 892 891)
4(891 892 908 907)
4(907 908 924 923)
4(923 924 940 939)
4(939 940 956 955)
4(955 956 972 971)
4(971 972 988 987)
4(987 988 1004 1003)
4(1003 1004 1020 1019)
4(781 496 797 796)
4(796 797 813 812)
4(812 813 829 828)
4(828 829 845 844)
4(844 845 861 860)
4(860 861 877 876)
4(876 877 893 892)
4(892 893 909 908)
4(908 909 925 924)
4(924 925 941 940)
4(940 941 957 956)
4(956 957 973 972)
4(972 973 989 988)
4(988 989 1005 1004)
4(1004 1005 1021 1020)
4(496 497 1247 797)
4(797 1247 1262 813)
4(813 1262 1277 829)
4(829 1277 1292 845)
4(845 1292 1307 861)
4(861 1307 1322 877)
4(877 1322 1337 893)
4(893 1337 1352 909)
4(909 1352 1367 925)
4(925 1367 1382 941)
4(941 1382 1397 957)
4(957 1397 1412 973)
4(973 1412 1427 989)
4(989 1427 1442 1005)
4(1005 1442 1457 1021)
4(497 498 1248 1247)
4(1247 1248 1263 1262)
4(1262 1263 1278 1277)
4(1277 1278 1293 1292)
4(1292 1293 1308 1307)
4(1307 1308 1323 1322)
4(1322 1323 1338 1337)
4(1337 1338 1353 1352)
4(1352 1353 1368 1367)
4(1367 1368 1383 1382)
4(1382 1383 1398 1397)
4(1397 1398 1413 1412)
4(1412 1413 1428 1427)
4(1427 1428 1443 1442)
4(1442 1443 1458 1457)
4(498 499 1249 1248)
4(1248 1249 1264 1263)
4(1263 1264 1279 1278)
4(1278 1279 1294 1293)
4(1293 1294 1309 1308)
4(1308 1309 1324 1323)
4(1323 1324 1339 1338)
4(1338 1339 1354 1353)
4(1353 1354 1369 1368)
4(1368 1369 1384 1383)
4(1383 1384 1399 1398)
4(1398 1399 1414 1413)
4(1413 1414 1429 1428)
4(1428 1429 1444 1443)
4(1443 1444 1459 1458)
4(499 500 1250 1249)
4(1249 1250 1265 1264)
4(1264 1265 1280 1279)
4(1279 1280 1295 1294)
4(1294 1295 1310 1309)
4(1309 1310 1325 1324)
4(1324 1325 1340 1339)
4(1339 1340 1355 1354)
4(1354 1355 1370 1369)
4(1369 1370 1385 1384)
4(1384 1385 1400 1399)
4(1399 1400 1415 1414)
4(1414 1415 1430 1429)
4(1429 1430 1445 1444)
4(1444 1445 1460 1459)
4(500 501 1251 1250)
4(1250 1251 1266 1265)
4(1265 1266 1281 1280)
4(1280 1281 1296 1295)
4(1295 1296 1311 1310)
4(1310 1311 1326 1325)
4(1325 1326 1341 1340)
4(1340 1341 1356 1355)
4(1355 1356 1371 1370)
4(1370 1371 1386 1385)
4(1385 1386 1401 1400)
4(1400 1401 1416 1415)
4(1415 1416 1431 1430)
4(1430 1431 1446 1445)
4(1445 1446 1461 1460)
4(501 502 1252 1251)
4(1251 1252 1267 1266)
4(1266 1267 1282 1281)
4(1281 1282 1297 1296)
4(1296 1297 1312 1311)
4(1311 1312 1327 1326)
4(1326 1327 1342 1341)
4(1341 1342 1357 1356)
4(1356 1357 1372 1371)
4(1371 1372 1387 1386)
4(1386 1387 1402 1401)
4(1401 1402 1417 1416)
4(1416 1417 1432 1431)
4(1431 1432 1447 1446)
4(1446 1447 1462 1461)
4(502 503 1253 1252)
4(1252 1253 1268 1267)
4(1267 1268 1283 1282)
4(1282 1283 1298 1297)
4(1297 1298 1313 1312)
4(1312 1313 1328 1327)
4(1327 1328 1343 1342)
4(1342 1343 1358 1357)
4(1357 1358 1373 1372)
4(1372 1373 1388 1387)
4(1387 1388 1403 1402)
4(1402 1403 1418 1417)
4(1417 1418 1433 1432)
4(1432 1433 1448 1447)
4(1447 1448 1463 1462)
4(503 504 1254 1253)
4(1253 1254 1269 1268)
4(1268 1269 1284 1283)
4(1283 1284 1299 1298)
4(1298 1299 1314 1313)
4(1313 1314 1329 1328)
4(1328 1329 1344 1343)
4(1343 1344 1359 1358)
4(1358 1359 1374 1373)
4(1373 1374 1389 1388)
4(1388 1389 1404 1403)
4(1403 1404 1419 1418)
4(1418 1419 1434 1433)
4(1433 1434 1449 1448)
4(1448 1449 1464 1463)
4(504 505 1255 1254)
4(1254 1255 1270 1269)
4(1269 1270 1285 1284)
4(1284 1285 1300 1299)
4(1299 1300 1315 1314)
4(1314 1315 1330 1329)
4(1329 1330 1345 1344)
4(1344 1345 1360 1359)
4(1359 1360 1375 1374)
4(1374 1375 1390 1389)
4(1389 1390 1405 1404)
4(1404 1405 1420 1419)
4(1419 1420 1435 1434)
4(1434 1435 1450 1449)
4(1449 1450 1465 1464)
4(505 506 1256 1255)
4(1255 1256 1271 1270)
4(1270 1271 1286 1285)
4(1285 1286 1301 1300)
4(1300 1301 1316 1315)
4(1315 1316 1331 1330)
4(1330 1331 1346 1345)
4(1345 1346 1361 1360)
4(1360 1361 1376 1375)
4(1375 1376 1391 1390)
4(1390 1391 1406 1405)
4(1405 1406 1421 1420)
4(1420 1421 1436 1435)
4(1435 1436 1451 1450)
4(1450 1451 1466 1465)
4(506 507 1257 1256)
4(1256 1257 1272 1271)
4(1271 1272 1287 1286)
4(1286 1287 1302 1301)
4(1301 1302 1317 1316)
4(1316 1317 1332 1331)
4(1331 1332 1347 1346)
4(1346 1347 1362 1361)
4(1361 1362 1377 1376)
4(1376 1377 1392 1391)
4(1391 1392 1407 1406)
4(1406 1407 1422 1421)
4(1421 1422 1437 1436)
4(1436 1437 1452 1451)
4(1451 1452 1467 1466)
4(507 508 1258 1257)
4(1257 1258 1273 1272)
4(1272 1273 1288 1287)
4(1287 1288 1303 1302)
4(1302 1303 1318 1317)
4(1317 1318 1333 1332)
4(1332 1333 1348 1347)
4(1347 1348 1363 1362)
4(1362 1363 1378 1377)
4(1377 1378 1393 1392)
4(1392 1393 1408 1407)
4(1407 1408 1423 1422)
4(1422 1423 1438 1437)
4(1437 1438 1453 1452)
4(1452 1453 1468 1467)
4(508 509 1259 1258)
4(1258 1259 1274 1273)
4(1273 1274 1289 1288)
4(1288 1289 1304 1303)
4(1303 1304 1319 1318)
4(1318 1319 1334 1333)
4(1333 1334 1349 1348)
4(1348 1349 1364 1363)
4(1363 1364 1379 1378)
4(1378 1379 1394 1393)
4(1393 1394 1409 1408)
4(1408 1409 1424 1423)
4(1423 1424 1439 1438)
4(1438 1439 1454 1453)
4(1453 1454 1469 1468)
4(509 510 1260 1259)
4(1259 1260 1275 1274)
4(1274 1275 1290 1289)
4(1289 1290 1305 1304)
4(1304 1305 1320 1319)
4(1319 1320 1335 1334)
4(1334 1335 1350 1349)
4(1349 1350 1365 1364)
4(1364 1365 1380 1379)
4(1379 1380 1395 1394)
4(1394 1395 1410 1409)
4(1409 1410 1425 1424)
4(1424 1425 1440 1439)
4(1439 1440 1455 1454)
4(1454 1455 1470 1469)
4(510 511 1261 1260)
4(1260 1261 1276 1275)
4(1275 1276 1291 1290)
4(1290 1291 1306 1305)
4(1305 1306 1321 1320)
4(1320 1321 1336 1335)
4(1335 1336 1351 1350)
4(1350 1351 1366 1365)
4(1365 1366 1381 1380)
4(1380 1381 1396 1395)
4(1395 1396 1411 1410)
4(1410 1411 1426 1425)
4(1425 1426 1441 1440)
4(1440 1441 1456 1455)
4(1455 1456 1471 1470)
4(511 1712 1727 1261)
4(1261 1727 1742 1276)
4(1276 1742 1757 1291)
4(1291 1757 1772 1306)
4(1306 1772 1787 1321)
4(1321 1787 1802 1336)
4(1336 1802 1817 1351)
4(1351 1817 1832 1366)
4(1366 1832 1847 1381)
4(1381 1847 1862 1396)
4(1396 1862 1877 1411)
4(1411 1877 1892 1426)
4(1426 1892 1907 1441)
4(1441 1907 1922 1456)
4(1456 1922 1937 1471)
4(1712 1713 1728 1727)
4(1727 1728 1743 1742)
4(1742 1743 1758 1757)
4(1757 1758 1773 1772)
4(1772 1773 1788 1787)
4(1787 1788 1803 1802)
4(1802 1803 1818 1817)
4(1817 1818 1833 1832)
4(1832 1833 1848 1847)
4(1847 1848 1863 1862)
4(1862 1863 1878 1877)
4(1877 1878 1893 1892)
4(1892 1893 1908 1907)
4(1907 1908 1923 1922)
4(1922 1923 1938 1937)
4(1713 1714 1729 1728)
4(1728 1729 1744 1743)
4(1743 1744 1759 1758)
4(1758 1759 1774 1773)
4(1773 1774 1789 1788)
4(1788 1789 1804 1803)
4(1803 1804 1819 1818)
4(1818 1819 1834 1833)
4(1833 1834 1849 1848)
4(1848 1849 1864 1863)
4(1863 1864 1879 1878)
4(1878 1879 1894 1893)
4(1893 1894 1909 1908)
4(1908 1909 1924 1923)
4(1923 1924 1939 1938)
4(1714 1715 1730 1729)
4(1729 1730 1745 1744)
4(1744 1745 1760 1759)
4(1759 1760 1775 1774)
4(1774 1775 1790 1789)
4(1789 1790 1805 1804)
4(1804 1805 1820 1819)
4(1819 1820 1835 1834)
4(1834 1835 1850 1849)
4(1849 1850 1865 1864)
4(1864 1865 1880 1879)
4(1879 1880 1895 1894)
4(1894 1895 1910 1909)
4(1909 1910 1925 1924)
4(1924 1925 1940 1939)
4(1715 1716 1731 1730)
4(1730 1731 1746 1745)
4(1745 1746 1761 1760)
4(1760 1761 1776 1775)
4(1775 1776 1791 1790)
4(1790 1791 1806 1805)
4(1805 1806 1821 1820)
4(1820 1821 1836 1835)
4(1835 1836 1851 1850)
4(1850 1851 1866 1865)
4(1865 1866 1881 1880)
4(1880 1881 1896 1895)
4(1895 1896 1911 1910)
4(1910 1911 1926 1925)
4(1925 1926 1941 1940)
4(1716 1717 1732 1731)
4(1731 1732 1747 1746)
4(1746 1747 1762 1761)
4(1761 1762 1777 1776)
4(1776 1777 1792 1791)
4(1791 1792 1807 1806)
4(1806 1807 1822 1821)
4(1821 1822 1837 1836)
4(1836 1837 1852 1851)
4(1851 1852 1867 1866)
4(1866 1867 1882 1881)
4(1881 1882 1897 1896)
4(1896 1897 1912 1911)
4(1911 1912 1927 1926)
4(1926 1927 1942 1941)
4(1717 1718 1733 1732)
4(1732 1733 1748 1747)
4(1747 1748 1763 1762)
4(1762 1763 1778 1777)
4(1777 1778 1793 1792)
4(1792 1793 1808 1807)
4(1807 1808 1823 1822)
4(1822 1823 1838 1837)
4(1837 1838 1853 1852)
4(1852 1853 1868 1867)
4(1867 1868 1883 1882)
4(1882 1883 1898 1897)
4(1897 1898 1913 1912)
4(1912 1913 1928 1927)
4(1927 1928 1943 1942)
4(1718 1719 1734 1733)
4(1733 1734 1749 1748)
4(1748 1749 1764 1763)
4(1763 1764 1779 1778)
4(1778 1779 1794 1793)
4(1793 1794 1809 1808)
4(1808 1809 1824 1823)
4(1823 1824 1839 1838)
4(1838 1839 1854 1853)
4(1853 1854 1869 1868)
4(1868 1869 1884 1883)
4(1883 1884 1899 1898)
4(1898 1899 1914 1913)
4(1913 1914 1929 1928)
4(1928 1929 1944 1943)
4(1719 1720 1735 1734)
4(1734 1735 1750 1749)
4(1749 1750 1765 1764)
4(1764 1765 1780 1779)
4(1779 1780 1795 1794)
4(1794 1795 1810 1809)
4(1809 1810 1825 1824)
4(1824 1825 1840 1839)
4(1839 1840 1855 1854)
4(1854 1855 1870 1869)
4(1869 1870 1885 1884)
4(1884 1885 1900 1899)
4(1899 1900 1915 1914)
4(1914 1915 1930 1929)
4(1929 1930 1945 1944)
4(1720 1721 1736 1735)
4(1735 1736 1751 1750)
4(1750 1751 1766 1765)
4(1765 1766 1781 1780)
4(1780 1781 1796 1795)
4(1795 1796 1811 1810)
4(1810 1811 1826 1825)
4(1825 1826 1841 1840)
4(1840 1841 1856 1855)
4(1855 1856 1871 1870)
4(1870 1871 1886 1885)
4(1885 1886 1901 1900)
4(1900 1901 1916 1915)
4(1915 1916 1931 1930)
4(1930 1931 1946 1945)
4(1721 1722 1737 1736)
4(1736 1737 1752 1751)
4(1751 1752 1767 1766)
4(1766 1767 1782 1781)
4(1781 1782 1797 1796)
4(1796 1797 1812 1811)
4(1811 1812 1827 1826)
4(1826 1827 1842 1841)
4(1841 1842 1857 1856)
4(1856 1857 1872 1871)
4(1871 1872 1887 1886)
4(1886 1887 1902 1901)
4(1901 1902 1917 1916)
4(1916 1917 1932 1931)
4(1931 1932 1947 1946)
4(1722 1723 1738 1737)
4(1737 1738 1753 1752)
4(1752 1753 1768 1767)
4(1767 1768 1783 1782)
4(1782 1783 1798 1797)
4(1797 1798 1813 1812)
4(1812 1813 1828 1827)
4(1827 1828 1843 1842)
4(1842 1843 1858 1857)
4(1857 1858 1873 1872)
4(1872 1873 1888 1887)
4(1887 1888 1903 1902)
4(1902 1903 1918 1917)
4(1917 1918 1933 1932)
4(1932 1933 1948 1947)
4(1723 1724 1739 1738)
4(1738 1739 1754 1753)
4(1753 1754 1769 1768)
4(1768 1769 1784 1783)
4(1783 1784 1799 1798)
4(1798 1799 1814 1813)
4(1813 1814 1829 1828)
4(1828 1829 1844 1843)
4(1843 1844 1859 1858)
4(1858 1859 1874 1873)
4(1873 1874 1889 1888)
4(1888 1889 1904 1903)
4(1903 1904 1919 1918)
4(1918 1919 1934 1933)
4(1933 1934 1949 1948)
4(1724 1725 1740 1739)
4(1739 1740 1755 1754)
4(1754 1755 1770 1769)
4(1769 1770 1785 1784)
4(1784 1785 1800 1799)
4(1799 1800 1815 1814)
4(1814 1815 1830 1829)
4(1829 1830 1845 1844)
4(1844 1845 1860 1859)
4(1859 1860 1875 1874)
4(1874 1875 1890 1889)
4(1889 1890 1905 1904)
4(1904 1905 1920 1919)
4(1919 1920 1935 1934)
4(1934 1935 1950 1949)
4(1725 1726 1741 1740)
4(1740 1741 1756 1755)
4(1755 1756 1771 1770)
4(1770 1771 1786 1785)
4(1785 1786 1801 1800)
4(1800 1801 1816 1815)
4(1815 1816 1831 1830)
4(1830 1831 1846 1845)
4(1845 1846 1861 1860)
4(1860 1861 1876 1875)
4(1875 1876 1891 1890)
4(1890 1891 1906 1905)
4(1905 1906 1921 1920)
4(1920 1921 1936 1935)
4(1935 1936 1951 1950)
)


// ************************************************************************* //
