/*--------------------------------*- C++ -*----------------------------------*\
| =========                 |                                                 |
| \\      /  F ield         | OpenFOAM: The Open Source CFD Toolbox           |
|  \\    /   O peration     | Version:  2112                                  |
|   \\  /    A nd           | Website:  www.openfoam.com                      |
|    \\/     M anipulation  |                                                 |
\*---------------------------------------------------------------------------*/
FoamFile
{
    version     2.0;
    format      ascii;
    arch        "LSB;label=32;scalar=64";
    note        "nPoints:1952  nCells:900  nFaces:3675  nInternalFaces:1725";
    class       labelList;
    location    "constant/polyMesh";
    object      neighbour;
}
// * * * * * * * * * * * * * * * * * * * * * * * * * * * * * * * * * * * * * //


1725
(
1
15
2
16
3
17
4
18
5
19
6
20
7
21
8
22
9
23
10
24
11
25
12
26
13
27
14
28
29
16
30
17
31
18
32
19
33
20
34
21
35
22
36
23
37
24
38
25
39
26
40
27
41
28
42
29
43
44
31
45
32
46
33
47
34
48
35
49
36
50
37
51
38
52
39
53
40
54
41
55
42
56
43
57
44
58
59
46
60
47
61
48
62
49
63
50
64
51
65
52
66
53
67
54
68
55
69
56
70
57
71
58
72
59
73
74
61
75
62
76
63
77
64
78
65
79
66
80
67
81
68
82
69
83
70
84
71
85
72
86
73
87
74
88
89
76
90
77
91
78
92
79
93
80
94
81
95
82
96
83
97
84
98
85
99
86
100
87
101
88
102
89
103
104
91
105
92
106
93
107
94
108
95
109
96
110
97
111
98
112
99
113
100
114
101
115
102
116
103
117
104
118
119
106
120
107
121
108
122
109
123
110
124
111
125
112
126
113
127
114
128
115
129
116
130
117
131
118
132
119
133
134
121
135
122
136
123
137
124
138
125
139
126
140
127
141
128
142
129
143
130
144
131
145
132
146
133
147
134
148
149
136
150
137
151
138
152
139
153
140
154
141
155
142
156
143
157
144
158
145
159
146
160
147
161
148
162
149
163
164
151
165
152
166
153
167
154
168
155
169
156
170
157
171
158
172
159
173
160
174
161
175
162
176
163
177
164
178
179
166
180
167
181
168
182
169
183
170
184
171
185
172
186
173
187
174
188
175
189
176
190
177
191
178
192
179
193
194
181
195
182
196
183
197
184
198
185
199
186
200
187
201
188
202
189
203
190
204
191
205
192
206
193
207
194
208
209
196
210
197
211
198
212
199
213
200
214
201
215
202
216
203
217
204
218
205
219
206
220
207
221
208
222
209
223
224
211
450
212
451
213
452
214
453
215
454
216
455
217
456
218
457
219
458
220
459
221
460
222
461
223
462
224
463
464
226
240
227
241
228
242
229
243
230
244
231
245
232
246
233
247
234
248
235
249
236
250
237
251
238
252
239
253
254
450
241
255
242
256
243
257
244
258
245
259
246
260
247
261
248
262
249
263
250
264
251
265
252
266
253
267
254
268
269
465
256
270
257
271
258
272
259
273
260
274
261
275
262
276
263
277
264
278
265
279
266
280
267
281
268
282
269
283
284
480
271
285
272
286
273
287
274
288
275
289
276
290
277
291
278
292
279
293
280
294
281
295
282
296
283
297
284
298
299
495
286
300
287
301
288
302
289
303
290
304
291
305
292
306
293
307
294
308
295
309
296
310
297
311
298
312
299
313
314
510
301
315
302
316
303
317
304
318
305
319
306
320
307
321
308
322
309
323
310
324
311
325
312
326
313
327
314
328
329
525
316
330
317
331
318
332
319
333
320
334
321
335
322
336
323
337
324
338
325
339
326
340
327
341
328
342
329
343
344
540
331
345
332
346
333
347
334
348
335
349
336
350
337
351
338
352
339
353
340
354
341
355
342
356
343
357
344
358
359
555
346
360
347
361
348
362
349
363
350
364
351
365
352
366
353
367
354
368
355
369
356
370
357
371
358
372
359
373
374
570
361
375
362
376
363
377
364
378
365
379
366
380
367
381
368
382
369
383
370
384
371
385
372
386
373
387
374
388
389
585
376
390
377
391
378
392
379
393
380
394
381
395
382
396
383
397
384
398
385
399
386
400
387
401
388
402
389
403
404
600
391
405
392
406
393
407
394
408
395
409
396
410
397
411
398
412
399
413
400
414
401
415
402
416
403
417
404
418
419
615
406
420
407
421
408
422
409
423
410
424
411
425
412
426
413
427
414
428
415
429
416
430
417
431
418
432
419
433
434
630
421
435
422
436
423
437
424
438
425
439
426
440
427
441
428
442
429
443
430
444
431
445
432
446
433
447
434
448
449
645
436
437
438
439
440
441
442
443
444
445
446
447
448
449
660
451
465
452
466
453
467
454
468
455
469
456
470
457
471
458
472
459
473
460
474
461
475
462
476
463
477
464
478
479
675
466
480
467
481
468
482
469
483
470
484
471
485
472
486
473
487
474
488
475
489
476
490
477
491
478
492
479
493
494
690
481
495
482
496
483
497
484
498
485
499
486
500
487
501
488
502
489
503
490
504
491
505
492
506
493
507
494
508
509
705
496
510
497
511
498
512
499
513
500
514
501
515
502
516
503
517
504
518
505
519
506
520
507
521
508
522
509
523
524
720
511
525
512
526
513
527
514
528
515
529
516
530
517
531
518
532
519
533
520
534
521
535
522
536
523
537
524
538
539
735
526
540
527
541
528
542
529
543
530
544
531
545
532
546
533
547
534
548
535
549
536
550
537
551
538
552
539
553
554
750
541
555
542
556
543
557
544
558
545
559
546
560
547
561
548
562
549
563
550
564
551
565
552
566
553
567
554
568
569
765
556
570
557
571
558
572
559
573
560
574
561
575
562
576
563
577
564
578
565
579
566
580
567
581
568
582
569
583
584
780
571
585
572
586
573
587
574
588
575
589
576
590
577
591
578
592
579
593
580
594
581
595
582
596
583
597
584
598
599
795
586
600
587
601
588
602
589
603
590
604
591
605
592
606
593
607
594
608
595
609
596
610
597
611
598
612
599
613
614
810
601
615
602
616
603
617
604
618
605
619
606
620
607
621
608
622
609
623
610
624
611
625
612
626
613
627
614
628
629
825
616
630
617
631
618
632
619
633
620
634
621
635
622
636
623
637
624
638
625
639
626
640
627
641
628
642
629
643
644
840
631
645
632
646
633
647
634
648
635
649
636
650
637
651
638
652
639
653
640
654
641
655
642
656
643
657
644
658
659
855
646
660
647
661
648
662
649
663
650
664
651
665
652
666
653
667
654
668
655
669
656
670
657
671
658
672
659
673
674
870
661
662
663
664
665
666
667
668
669
670
671
672
673
674
885
676
690
677
691
678
692
679
693
680
694
681
695
682
696
683
697
684
698
685
699
686
700
687
701
688
702
689
703
704
691
705
692
706
693
707
694
708
695
709
696
710
697
711
698
712
699
713
700
714
701
715
702
716
703
717
704
718
719
706
720
707
721
708
722
709
723
710
724
711
725
712
726
713
727
714
728
715
729
716
730
717
731
718
732
719
733
734
721
735
722
736
723
737
724
738
725
739
726
740
727
741
728
742
729
743
730
744
731
745
732
746
733
747
734
748
749
736
750
737
751
738
752
739
753
740
754
741
755
742
756
743
757
744
758
745
759
746
760
747
761
748
762
749
763
764
751
765
752
766
753
767
754
768
755
769
756
770
757
771
758
772
759
773
760
774
761
775
762
776
763
777
764
778
779
766
780
767
781
768
782
769
783
770
784
771
785
772
786
773
787
774
788
775
789
776
790
777
791
778
792
779
793
794
781
795
782
796
783
797
784
798
785
799
786
800
787
801
788
802
789
803
790
804
791
805
792
806
793
807
794
808
809
796
810
797
811
798
812
799
813
800
814
801
815
802
816
803
817
804
818
805
819
806
820
807
821
808
822
809
823
824
811
825
812
826
813
827
814
828
815
829
816
830
817
831
818
832
819
833
820
834
821
835
822
836
823
837
824
838
839
826
840
827
841
828
842
829
843
830
844
831
845
832
846
833
847
834
848
835
849
836
850
837
851
838
852
839
853
854
841
855
842
856
843
857
844
858
845
859
846
860
847
861
848
862
849
863
850
864
851
865
852
866
853
867
854
868
869
856
870
857
871
858
872
859
873
860
874
861
875
862
876
863
877
864
878
865
879
866
880
867
881
868
882
869
883
884
871
885
872
886
873
887
874
888
875
889
876
890
877
891
878
892
879
893
880
894
881
895
882
896
883
897
884
898
899
886
887
888
889
890
891
892
893
894
895
896
897
898
899
)


// ************************************************************************* //
