/*--------------------------------*- C++ -*----------------------------------*\
| =========                 |                                                 |
| \\      /  F ield         | OpenFOAM: The Open Source CFD Toolbox           |
|  \\    /   O peration     | Version:  2112                                  |
|   \\  /    A nd           | Website:  www.openfoam.com                      |
|    \\/     M anipulation  |                                                 |
\*---------------------------------------------------------------------------*/
FoamFile
{
    version     2.0;
    format      ascii;
    arch        "LSB;label=32;scalar=64";
    note        "nPoints:1952  nCells:900  nFaces:3675  nInternalFaces:1725";
    class       labelList;
    location    "constant/polyMesh";
    object      owner;
}
// * * * * * * * * * * * * * * * * * * * * * * * * * * * * * * * * * * * * * //


3675
(
0
0
1
1
2
2
3
3
4
4
5
5
6
6
7
7
8
8
9
9
10
10
11
11
12
12
13
13
14
15
15
16
16
17
17
18
18
19
19
20
20
21
21
22
22
23
23
24
24
25
25
26
26
27
27
28
28
29
30
30
31
31
32
32
33
33
34
34
35
35
36
36
37
37
38
38
39
39
40
40
41
41
42
42
43
43
44
45
45
46
46
47
47
48
48
49
49
50
50
51
51
52
52
53
53
54
54
55
55
56
56
57
57
58
58
59
60
60
61
61
62
62
63
63
64
64
65
65
66
66
67
67
68
68
69
69
70
70
71
71
72
72
73
73
74
75
75
76
76
77
77
78
78
79
79
80
80
81
81
82
82
83
83
84
84
85
85
86
86
87
87
88
88
89
90
90
91
91
92
92
93
93
94
94
95
95
96
96
97
97
98
98
99
99
100
100
101
101
102
102
103
103
104
105
105
106
106
107
107
108
108
109
109
110
110
111
111
112
112
113
113
114
114
115
115
116
116
117
117
118
118
119
120
120
121
121
122
122
123
123
124
124
125
125
126
126
127
127
128
128
129
129
130
130
131
131
132
132
133
133
134
135
135
136
136
137
137
138
138
139
139
140
140
141
141
142
142
143
143
144
144
145
145
146
146
147
147
148
148
149
150
150
151
151
152
152
153
153
154
154
155
155
156
156
157
157
158
158
159
159
160
160
161
161
162
162
163
163
164
165
165
166
166
167
167
168
168
169
169
170
170
171
171
172
172
173
173
174
174
175
175
176
176
177
177
178
178
179
180
180
181
181
182
182
183
183
184
184
185
185
186
186
187
187
188
188
189
189
190
190
191
191
192
192
193
193
194
195
195
196
196
197
197
198
198
199
199
200
200
201
201
202
202
203
203
204
204
205
205
206
206
207
207
208
208
209
210
210
211
211
212
212
213
213
214
214
215
215
216
216
217
217
218
218
219
219
220
220
221
221
222
222
223
223
224
225
225
226
226
227
227
228
228
229
229
230
230
231
231
232
232
233
233
234
234
235
235
236
236
237
237
238
238
239
239
240
240
241
241
242
242
243
243
244
244
245
245
246
246
247
247
248
248
249
249
250
250
251
251
252
252
253
253
254
254
255
255
256
256
257
257
258
258
259
259
260
260
261
261
262
262
263
263
264
264
265
265
266
266
267
267
268
268
269
269
270
270
271
271
272
272
273
273
274
274
275
275
276
276
277
277
278
278
279
279
280
280
281
281
282
282
283
283
284
284
285
285
286
286
287
287
288
288
289
289
290
290
291
291
292
292
293
293
294
294
295
295
296
296
297
297
298
298
299
299
300
300
301
301
302
302
303
303
304
304
305
305
306
306
307
307
308
308
309
309
310
310
311
311
312
312
313
313
314
314
315
315
316
316
317
317
318
318
319
319
320
320
321
321
322
322
323
323
324
324
325
325
326
326
327
327
328
328
329
329
330
330
331
331
332
332
333
333
334
334
335
335
336
336
337
337
338
338
339
339
340
340
341
341
342
342
343
343
344
344
345
345
346
346
347
347
348
348
349
349
350
350
351
351
352
352
353
353
354
354
355
355
356
356
357
357
358
358
359
359
360
360
361
361
362
362
363
363
364
364
365
365
366
366
367
367
368
368
369
369
370
370
371
371
372
372
373
373
374
374
375
375
376
376
377
377
378
378
379
379
380
380
381
381
382
382
383
383
384
384
385
385
386
386
387
387
388
388
389
389
390
390
391
391
392
392
393
393
394
394
395
395
396
396
397
397
398
398
399
399
400
400
401
401
402
402
403
403
404
404
405
405
406
406
407
407
408
408
409
409
410
410
411
411
412
412
413
413
414
414
415
415
416
416
417
417
418
418
419
419
420
420
421
421
422
422
423
423
424
424
425
425
426
426
427
427
428
428
429
429
430
430
431
431
432
432
433
433
434
434
435
436
437
438
439
440
441
442
443
444
445
446
447
448
449
450
450
451
451
452
452
453
453
454
454
455
455
456
456
457
457
458
458
459
459
460
460
461
461
462
462
463
463
464
464
465
465
466
466
467
467
468
468
469
469
470
470
471
471
472
472
473
473
474
474
475
475
476
476
477
477
478
478
479
479
480
480
481
481
482
482
483
483
484
484
485
485
486
486
487
487
488
488
489
489
490
490
491
491
492
492
493
493
494
494
495
495
496
496
497
497
498
498
499
499
500
500
501
501
502
502
503
503
504
504
505
505
506
506
507
507
508
508
509
509
510
510
511
511
512
512
513
513
514
514
515
515
516
516
517
517
518
518
519
519
520
520
521
521
522
522
523
523
524
524
525
525
526
526
527
527
528
528
529
529
530
530
531
531
532
532
533
533
534
534
535
535
536
536
537
537
538
538
539
539
540
540
541
541
542
542
543
543
544
544
545
545
546
546
547
547
548
548
549
549
550
550
551
551
552
552
553
553
554
554
555
555
556
556
557
557
558
558
559
559
560
560
561
561
562
562
563
563
564
564
565
565
566
566
567
567
568
568
569
569
570
570
571
571
572
572
573
573
574
574
575
575
576
576
577
577
578
578
579
579
580
580
581
581
582
582
583
583
584
584
585
585
586
586
587
587
588
588
589
589
590
590
591
591
592
592
593
593
594
594
595
595
596
596
597
597
598
598
599
599
600
600
601
601
602
602
603
603
604
604
605
605
606
606
607
607
608
608
609
609
610
610
611
611
612
612
613
613
614
614
615
615
616
616
617
617
618
618
619
619
620
620
621
621
622
622
623
623
624
624
625
625
626
626
627
627
628
628
629
629
630
630
631
631
632
632
633
633
634
634
635
635
636
636
637
637
638
638
639
639
640
640
641
641
642
642
643
643
644
644
645
645
646
646
647
647
648
648
649
649
650
650
651
651
652
652
653
653
654
654
655
655
656
656
657
657
658
658
659
659
660
661
662
663
664
665
666
667
668
669
670
671
672
673
674
675
675
676
676
677
677
678
678
679
679
680
680
681
681
682
682
683
683
684
684
685
685
686
686
687
687
688
688
689
690
690
691
691
692
692
693
693
694
694
695
695
696
696
697
697
698
698
699
699
700
700
701
701
702
702
703
703
704
705
705
706
706
707
707
708
708
709
709
710
710
711
711
712
712
713
713
714
714
715
715
716
716
717
717
718
718
719
720
720
721
721
722
722
723
723
724
724
725
725
726
726
727
727
728
728
729
729
730
730
731
731
732
732
733
733
734
735
735
736
736
737
737
738
738
739
739
740
740
741
741
742
742
743
743
744
744
745
745
746
746
747
747
748
748
749
750
750
751
751
752
752
753
753
754
754
755
755
756
756
757
757
758
758
759
759
760
760
761
761
762
762
763
763
764
765
765
766
766
767
767
768
768
769
769
770
770
771
771
772
772
773
773
774
774
775
775
776
776
777
777
778
778
779
780
780
781
781
782
782
783
783
784
784
785
785
786
786
787
787
788
788
789
789
790
790
791
791
792
792
793
793
794
795
795
796
796
797
797
798
798
799
799
800
800
801
801
802
802
803
803
804
804
805
805
806
806
807
807
808
808
809
810
810
811
811
812
812
813
813
814
814
815
815
816
816
817
817
818
818
819
819
820
820
821
821
822
822
823
823
824
825
825
826
826
827
827
828
828
829
829
830
830
831
831
832
832
833
833
834
834
835
835
836
836
837
837
838
838
839
840
840
841
841
842
842
843
843
844
844
845
845
846
846
847
847
848
848
849
849
850
850
851
851
852
852
853
853
854
855
855
856
856
857
857
858
858
859
859
860
860
861
861
862
862
863
863
864
864
865
865
866
866
867
867
868
868
869
870
870
871
871
872
872
873
873
874
874
875
875
876
876
877
877
878
878
879
879
880
880
881
881
882
882
883
883
884
885
886
887
888
889
890
891
892
893
894
895
896
897
898
0
1
2
3
4
5
6
7
8
9
10
11
12
13
14
435
436
437
438
439
440
441
442
443
444
445
446
447
448
449
660
661
662
663
664
665
666
667
668
669
670
671
672
673
674
885
886
887
888
889
890
891
892
893
894
895
896
897
898
899
0
15
30
45
60
75
90
105
120
135
150
165
180
195
210
225
226
227
228
229
230
231
232
233
234
235
236
237
238
239
225
240
255
270
285
300
315
330
345
360
375
390
405
420
435
14
29
44
59
74
89
104
119
134
149
164
179
194
209
224
675
676
677
678
679
680
681
682
683
684
685
686
687
688
689
689
704
719
734
749
764
779
794
809
824
839
854
869
884
899
0
15
30
45
60
75
90
105
120
135
150
165
180
195
210
1
16
31
46
61
76
91
106
121
136
151
166
181
196
211
2
17
32
47
62
77
92
107
122
137
152
167
182
197
212
3
18
33
48
63
78
93
108
123
138
153
168
183
198
213
4
19
34
49
64
79
94
109
124
139
154
169
184
199
214
5
20
35
50
65
80
95
110
125
140
155
170
185
200
215
6
21
36
51
66
81
96
111
126
141
156
171
186
201
216
7
22
37
52
67
82
97
112
127
142
157
172
187
202
217
8
23
38
53
68
83
98
113
128
143
158
173
188
203
218
9
24
39
54
69
84
99
114
129
144
159
174
189
204
219
10
25
40
55
70
85
100
115
130
145
160
175
190
205
220
11
26
41
56
71
86
101
116
131
146
161
176
191
206
221
12
27
42
57
72
87
102
117
132
147
162
177
192
207
222
13
28
43
58
73
88
103
118
133
148
163
178
193
208
223
14
29
44
59
74
89
104
119
134
149
164
179
194
209
224
225
240
255
270
285
300
315
330
345
360
375
390
405
420
435
226
241
256
271
286
301
316
331
346
361
376
391
406
421
436
227
242
257
272
287
302
317
332
347
362
377
392
407
422
437
228
243
258
273
288
303
318
333
348
363
378
393
408
423
438
229
244
259
274
289
304
319
334
349
364
379
394
409
424
439
230
245
260
275
290
305
320
335
350
365
380
395
410
425
440
231
246
261
276
291
306
321
336
351
366
381
396
411
426
441
232
247
262
277
292
307
322
337
352
367
382
397
412
427
442
233
248
263
278
293
308
323
338
353
368
383
398
413
428
443
234
249
264
279
294
309
324
339
354
369
384
399
414
429
444
235
250
265
280
295
310
325
340
355
370
385
400
415
430
445
236
251
266
281
296
311
326
341
356
371
386
401
416
431
446
237
252
267
282
297
312
327
342
357
372
387
402
417
432
447
238
253
268
283
298
313
328
343
358
373
388
403
418
433
448
239
254
269
284
299
314
329
344
359
374
389
404
419
434
449
450
465
480
495
510
525
540
555
570
585
600
615
630
645
660
451
466
481
496
511
526
541
556
571
586
601
616
631
646
661
452
467
482
497
512
527
542
557
572
587
602
617
632
647
662
453
468
483
498
513
528
543
558
573
588
603
618
633
648
663
454
469
484
499
514
529
544
559
574
589
604
619
634
649
664
455
470
485
500
515
530
545
560
575
590
605
620
635
650
665
456
471
486
501
516
531
546
561
576
591
606
621
636
651
666
457
472
487
502
517
532
547
562
577
592
607
622
637
652
667
458
473
488
503
518
533
548
563
578
593
608
623
638
653
668
459
474
489
504
519
534
549
564
579
594
609
624
639
654
669
460
475
490
505
520
535
550
565
580
595
610
625
640
655
670
461
476
491
506
521
536
551
566
581
596
611
626
641
656
671
462
477
492
507
522
537
552
567
582
597
612
627
642
657
672
463
478
493
508
523
538
553
568
583
598
613
628
643
658
673
464
479
494
509
524
539
554
569
584
599
614
629
644
659
674
675
690
705
720
735
750
765
780
795
810
825
840
855
870
885
676
691
706
721
736
751
766
781
796
811
826
841
856
871
886
677
692
707
722
737
752
767
782
797
812
827
842
857
872
887
678
693
708
723
738
753
768
783
798
813
828
843
858
873
888
679
694
709
724
739
754
769
784
799
814
829
844
859
874
889
680
695
710
725
740
755
770
785
800
815
830
845
860
875
890
681
696
711
726
741
756
771
786
801
816
831
846
861
876
891
682
697
712
727
742
757
772
787
802
817
832
847
862
877
892
683
698
713
728
743
758
773
788
803
818
833
848
863
878
893
684
699
714
729
744
759
774
789
804
819
834
849
864
879
894
685
700
715
730
745
760
775
790
805
820
835
850
865
880
895
686
701
716
731
746
761
776
791
806
821
836
851
866
881
896
687
702
717
732
747
762
777
792
807
822
837
852
867
882
897
688
703
718
733
748
763
778
793
808
823
838
853
868
883
898
689
704
719
734
749
764
779
794
809
824
839
854
869
884
899
0
15
30
45
60
75
90
105
120
135
150
165
180
195
210
1
16
31
46
61
76
91
106
121
136
151
166
181
196
211
2
17
32
47
62
77
92
107
122
137
152
167
182
197
212
3
18
33
48
63
78
93
108
123
138
153
168
183
198
213
4
19
34
49
64
79
94
109
124
139
154
169
184
199
214
5
20
35
50
65
80
95
110
125
140
155
170
185
200
215
6
21
36
51
66
81
96
111
126
141
156
171
186
201
216
7
22
37
52
67
82
97
112
127
142
157
172
187
202
217
8
23
38
53
68
83
98
113
128
143
158
173
188
203
218
9
24
39
54
69
84
99
114
129
144
159
174
189
204
219
10
25
40
55
70
85
100
115
130
145
160
175
190
205
220
11
26
41
56
71
86
101
116
131
146
161
176
191
206
221
12
27
42
57
72
87
102
117
132
147
162
177
192
207
222
13
28
43
58
73
88
103
118
133
148
163
178
193
208
223
14
29
44
59
74
89
104
119
134
149
164
179
194
209
224
225
240
255
270
285
300
315
330
345
360
375
390
405
420
435
226
241
256
271
286
301
316
331
346
361
376
391
406
421
436
227
242
257
272
287
302
317
332
347
362
377
392
407
422
437
228
243
258
273
288
303
318
333
348
363
378
393
408
423
438
229
244
259
274
289
304
319
334
349
364
379
394
409
424
439
230
245
260
275
290
305
320
335
350
365
380
395
410
425
440
231
246
261
276
291
306
321
336
351
366
381
396
411
426
441
232
247
262
277
292
307
322
337
352
367
382
397
412
427
442
233
248
263
278
293
308
323
338
353
368
383
398
413
428
443
234
249
264
279
294
309
324
339
354
369
384
399
414
429
444
235
250
265
280
295
310
325
340
355
370
385
400
415
430
445
236
251
266
281
296
311
326
341
356
371
386
401
416
431
446
237
252
267
282
297
312
327
342
357
372
387
402
417
432
447
238
253
268
283
298
313
328
343
358
373
388
403
418
433
448
239
254
269
284
299
314
329
344
359
374
389
404
419
434
449
450
465
480
495
510
525
540
555
570
585
600
615
630
645
660
451
466
481
496
511
526
541
556
571
586
601
616
631
646
661
452
467
482
497
512
527
542
557
572
587
602
617
632
647
662
453
468
483
498
513
528
543
558
573
588
603
618
633
648
663
454
469
484
499
514
529
544
559
574
589
604
619
634
649
664
455
470
485
500
515
530
545
560
575
590
605
620
635
650
665
456
471
486
501
516
531
546
561
576
591
606
621
636
651
666
457
472
487
502
517
532
547
562
577
592
607
622
637
652
667
458
473
488
503
518
533
548
563
578
593
608
623
638
653
668
459
474
489
504
519
534
549
564
579
594
609
624
639
654
669
460
475
490
505
520
535
550
565
580
595
610
625
640
655
670
461
476
491
506
521
536
551
566
581
596
611
626
641
656
671
462
477
492
507
522
537
552
567
582
597
612
627
642
657
672
463
478
493
508
523
538
553
568
583
598
613
628
643
658
673
464
479
494
509
524
539
554
569
584
599
614
629
644
659
674
675
690
705
720
735
750
765
780
795
810
825
840
855
870
885
676
691
706
721
736
751
766
781
796
811
826
841
856
871
886
677
692
707
722
737
752
767
782
797
812
827
842
857
872
887
678
693
708
723
738
753
768
783
798
813
828
843
858
873
888
679
694
709
724
739
754
769
784
799
814
829
844
859
874
889
680
695
710
725
740
755
770
785
800
815
830
845
860
875
890
681
696
711
726
741
756
771
786
801
816
831
846
861
876
891
682
697
712
727
742
757
772
787
802
817
832
847
862
877
892
683
698
713
728
743
758
773
788
803
818
833
848
863
878
893
684
699
714
729
744
759
774
789
804
819
834
849
864
879
894
685
700
715
730
745
760
775
790
805
820
835
850
865
880
895
686
701
716
731
746
761
776
791
806
821
836
851
866
881
896
687
702
717
732
747
762
777
792
807
822
837
852
867
882
897
688
703
718
733
748
763
778
793
808
823
838
853
868
883
898
689
704
719
734
749
764
779
794
809
824
839
854
869
884
899
)


// ************************************************************************* //
