/*--------------------------------*- C++ -*----------------------------------*\
| =========                 |                                                 |
| \\      /  F ield         | OpenFOAM: The Open Source CFD Toolbox           |
|  \\    /   O peration     | Version:  2112                                  |
|   \\  /    A nd           | Website:  www.openfoam.com                      |
|    \\/     M anipulation  |                                                 |
\*---------------------------------------------------------------------------*/
FoamFile
{
    version     2.0;
    format      ascii;
    arch        "LSB;label=32;scalar=64";
    class       vectorField;
    location    "constant/polyMesh";
    object      points;
}
// * * * * * * * * * * * * * * * * * * * * * * * * * * * * * * * * * * * * * //


1952
(
(1 0 0)
(1.066666667 0 0)
(1.133333333 0 0)
(1.2 0 0)
(1.266666667 0 0)
(1.333333333 0 0)
(1.4 0 0)
(1.466666667 0 0)
(1.533333333 0 0)
(1.6 0 0)
(1.666666667 0 0)
(1.733333333 0 0)
(1.8 0 0)
(1.866666667 0 0)
(1.933333333 0 0)
(2 0 0)
(1 0.06666666667 0)
(1.066666667 0.06666666667 0)
(1.133333333 0.06666666667 0)
(1.2 0.06666666667 0)
(1.266666667 0.06666666667 0)
(1.333333333 0.06666666667 0)
(1.4 0.06666666667 0)
(1.466666667 0.06666666667 0)
(1.533333333 0.06666666667 0)
(1.6 0.06666666667 0)
(1.666666667 0.06666666667 0)
(1.733333333 0.06666666667 0)
(1.8 0.06666666667 0)
(1.866666667 0.06666666667 0)
(1.933333333 0.06666666667 0)
(2 0.06666666667 0)
(1 0.1333333333 0)
(1.066666667 0.1333333333 0)
(1.133333333 0.1333333333 0)
(1.2 0.1333333333 0)
(1.266666667 0.1333333333 0)
(1.333333333 0.1333333333 0)
(1.4 0.1333333333 0)
(1.466666667 0.1333333333 0)
(1.533333333 0.1333333333 0)
(1.6 0.1333333333 0)
(1.666666667 0.1333333333 0)
(1.733333333 0.1333333333 0)
(1.8 0.1333333333 0)
(1.866666667 0.1333333333 0)
(1.933333333 0.1333333333 0)
(2 0.1333333333 0)
(1 0.2 0)
(1.066666667 0.2 0)
(1.133333333 0.2 0)
(1.2 0.2 0)
(1.266666667 0.2 0)
(1.333333333 0.2 0)
(1.4 0.2 0)
(1.466666667 0.2 0)
(1.533333333 0.2 0)
(1.6 0.2 0)
(1.666666667 0.2 0)
(1.733333333 0.2 0)
(1.8 0.2 0)
(1.866666667 0.2 0)
(1.933333333 0.2 0)
(2 0.2 0)
(1 0.2666666667 0)
(1.066666667 0.2666666667 0)
(1.133333333 0.2666666667 0)
(1.2 0.2666666667 0)
(1.266666667 0.2666666667 0)
(1.333333333 0.2666666667 0)
(1.4 0.2666666667 0)
(1.466666667 0.2666666667 0)
(1.533333333 0.2666666667 0)
(1.6 0.2666666667 0)
(1.666666667 0.2666666667 0)
(1.733333333 0.2666666667 0)
(1.8 0.2666666667 0)
(1.866666667 0.2666666667 0)
(1.933333333 0.2666666667 0)
(2 0.2666666667 0)
(1 0.3333333333 0)
(1.066666667 0.3333333333 0)
(1.133333333 0.3333333333 0)
(1.2 0.3333333333 0)
(1.266666667 0.3333333333 0)
(1.333333333 0.3333333333 0)
(1.4 0.3333333333 0)
(1.466666667 0.3333333333 0)
(1.533333333 0.3333333333 0)
(1.6 0.3333333333 0)
(1.666666667 0.3333333333 0)
(1.733333333 0.3333333333 0)
(1.8 0.3333333333 0)
(1.866666667 0.3333333333 0)
(1.933333333 0.3333333333 0)
(2 0.3333333333 0)
(1 0.4 0)
(1.066666667 0.4 0)
(1.133333333 0.4 0)
(1.2 0.4 0)
(1.266666667 0.4 0)
(1.333333333 0.4 0)
(1.4 0.4 0)
(1.466666667 0.4 0)
(1.533333333 0.4 0)
(1.6 0.4 0)
(1.666666667 0.4 0)
(1.733333333 0.4 0)
(1.8 0.4 0)
(1.866666667 0.4 0)
(1.933333333 0.4 0)
(2 0.4 0)
(1 0.4666666667 0)
(1.066666667 0.4666666667 0)
(1.133333333 0.4666666667 0)
(1.2 0.4666666667 0)
(1.266666667 0.4666666667 0)
(1.333333333 0.4666666667 0)
(1.4 0.4666666667 0)
(1.466666667 0.4666666667 0)
(1.533333333 0.4666666667 0)
(1.6 0.4666666667 0)
(1.666666667 0.4666666667 0)
(1.733333333 0.4666666667 0)
(1.8 0.4666666667 0)
(1.866666667 0.4666666667 0)
(1.933333333 0.4666666667 0)
(2 0.4666666667 0)
(1 0.5333333333 0)
(1.066666667 0.5333333333 0)
(1.133333333 0.5333333333 0)
(1.2 0.5333333333 0)
(1.266666667 0.5333333333 0)
(1.333333333 0.5333333333 0)
(1.4 0.5333333333 0)
(1.466666667 0.5333333333 0)
(1.533333333 0.5333333333 0)
(1.6 0.5333333333 0)
(1.666666667 0.5333333333 0)
(1.733333333 0.5333333333 0)
(1.8 0.5333333333 0)
(1.866666667 0.5333333333 0)
(1.933333333 0.5333333333 0)
(2 0.5333333333 0)
(1 0.6 0)
(1.066666667 0.6 0)
(1.133333333 0.6 0)
(1.2 0.6 0)
(1.266666667 0.6 0)
(1.333333333 0.6 0)
(1.4 0.6 0)
(1.466666667 0.6 0)
(1.533333333 0.6 0)
(1.6 0.6 0)
(1.666666667 0.6 0)
(1.733333333 0.6 0)
(1.8 0.6 0)
(1.866666667 0.6 0)
(1.933333333 0.6 0)
(2 0.6 0)
(1 0.6666666667 0)
(1.066666667 0.6666666667 0)
(1.133333333 0.6666666667 0)
(1.2 0.6666666667 0)
(1.266666667 0.6666666667 0)
(1.333333333 0.6666666667 0)
(1.4 0.6666666667 0)
(1.466666667 0.6666666667 0)
(1.533333333 0.6666666667 0)
(1.6 0.6666666667 0)
(1.666666667 0.6666666667 0)
(1.733333333 0.6666666667 0)
(1.8 0.6666666667 0)
(1.866666667 0.6666666667 0)
(1.933333333 0.6666666667 0)
(2 0.6666666667 0)
(1 0.7333333333 0)
(1.066666667 0.7333333333 0)
(1.133333333 0.7333333333 0)
(1.2 0.7333333333 0)
(1.266666667 0.7333333333 0)
(1.333333333 0.7333333333 0)
(1.4 0.7333333333 0)
(1.466666667 0.7333333333 0)
(1.533333333 0.7333333333 0)
(1.6 0.7333333333 0)
(1.666666667 0.7333333333 0)
(1.733333333 0.7333333333 0)
(1.8 0.7333333333 0)
(1.866666667 0.7333333333 0)
(1.933333333 0.7333333333 0)
(2 0.7333333333 0)
(1 0.8 0)
(1.066666667 0.8 0)
(1.133333333 0.8 0)
(1.2 0.8 0)
(1.266666667 0.8 0)
(1.333333333 0.8 0)
(1.4 0.8 0)
(1.466666667 0.8 0)
(1.533333333 0.8 0)
(1.6 0.8 0)
(1.666666667 0.8 0)
(1.733333333 0.8 0)
(1.8 0.8 0)
(1.866666667 0.8 0)
(1.933333333 0.8 0)
(2 0.8 0)
(1 0.8666666667 0)
(1.066666667 0.8666666667 0)
(1.133333333 0.8666666667 0)
(1.2 0.8666666667 0)
(1.266666667 0.8666666667 0)
(1.333333333 0.8666666667 0)
(1.4 0.8666666667 0)
(1.466666667 0.8666666667 0)
(1.533333333 0.8666666667 0)
(1.6 0.8666666667 0)
(1.666666667 0.8666666667 0)
(1.733333333 0.8666666667 0)
(1.8 0.8666666667 0)
(1.866666667 0.8666666667 0)
(1.933333333 0.8666666667 0)
(2 0.8666666667 0)
(1 0.9333333333 0)
(1.066666667 0.9333333333 0)
(1.133333333 0.9333333333 0)
(1.2 0.9333333333 0)
(1.266666667 0.9333333333 0)
(1.333333333 0.9333333333 0)
(1.4 0.9333333333 0)
(1.466666667 0.9333333333 0)
(1.533333333 0.9333333333 0)
(1.6 0.9333333333 0)
(1.666666667 0.9333333333 0)
(1.733333333 0.9333333333 0)
(1.8 0.9333333333 0)
(1.866666667 0.9333333333 0)
(1.933333333 0.9333333333 0)
(2 0.9333333333 0)
(1 1 0)
(1.066666667 1 0)
(1.133333333 1 0)
(1.2 1 0)
(1.266666667 1 0)
(1.333333333 1 0)
(1.4 1 0)
(1.466666667 1 0)
(1.533333333 1 0)
(1.6 1 0)
(1.666666667 1 0)
(1.733333333 1 0)
(1.8 1 0)
(1.866666667 1 0)
(1.933333333 1 0)
(2 1 0)
(1 0 0.1)
(1.066666667 0 0.1)
(1.133333333 0 0.1)
(1.2 0 0.1)
(1.266666667 0 0.1)
(1.333333333 0 0.1)
(1.4 0 0.1)
(1.466666667 0 0.1)
(1.533333333 0 0.1)
(1.6 0 0.1)
(1.666666667 0 0.1)
(1.733333333 0 0.1)
(1.8 0 0.1)
(1.866666667 0 0.1)
(1.933333333 0 0.1)
(2 0 0.1)
(1 0.06666666667 0.1)
(1.066666667 0.06666666667 0.1)
(1.133333333 0.06666666667 0.1)
(1.2 0.06666666667 0.1)
(1.266666667 0.06666666667 0.1)
(1.333333333 0.06666666667 0.1)
(1.4 0.06666666667 0.1)
(1.466666667 0.06666666667 0.1)
(1.533333333 0.06666666667 0.1)
(1.6 0.06666666667 0.1)
(1.666666667 0.06666666667 0.1)
(1.733333333 0.06666666667 0.1)
(1.8 0.06666666667 0.1)
(1.866666667 0.06666666667 0.1)
(1.933333333 0.06666666667 0.1)
(2 0.06666666667 0.1)
(1 0.1333333333 0.1)
(1.066666667 0.1333333333 0.1)
(1.133333333 0.1333333333 0.1)
(1.2 0.1333333333 0.1)
(1.266666667 0.1333333333 0.1)
(1.333333333 0.1333333333 0.1)
(1.4 0.1333333333 0.1)
(1.466666667 0.1333333333 0.1)
(1.533333333 0.1333333333 0.1)
(1.6 0.1333333333 0.1)
(1.666666667 0.1333333333 0.1)
(1.733333333 0.1333333333 0.1)
(1.8 0.1333333333 0.1)
(1.866666667 0.1333333333 0.1)
(1.933333333 0.1333333333 0.1)
(2 0.1333333333 0.1)
(1 0.2 0.1)
(1.066666667 0.2 0.1)
(1.133333333 0.2 0.1)
(1.2 0.2 0.1)
(1.266666667 0.2 0.1)
(1.333333333 0.2 0.1)
(1.4 0.2 0.1)
(1.466666667 0.2 0.1)
(1.533333333 0.2 0.1)
(1.6 0.2 0.1)
(1.666666667 0.2 0.1)
(1.733333333 0.2 0.1)
(1.8 0.2 0.1)
(1.866666667 0.2 0.1)
(1.933333333 0.2 0.1)
(2 0.2 0.1)
(1 0.2666666667 0.1)
(1.066666667 0.2666666667 0.1)
(1.133333333 0.2666666667 0.1)
(1.2 0.2666666667 0.1)
(1.266666667 0.2666666667 0.1)
(1.333333333 0.2666666667 0.1)
(1.4 0.2666666667 0.1)
(1.466666667 0.2666666667 0.1)
(1.533333333 0.2666666667 0.1)
(1.6 0.2666666667 0.1)
(1.666666667 0.2666666667 0.1)
(1.733333333 0.2666666667 0.1)
(1.8 0.2666666667 0.1)
(1.866666667 0.2666666667 0.1)
(1.933333333 0.2666666667 0.1)
(2 0.2666666667 0.1)
(1 0.3333333333 0.1)
(1.066666667 0.3333333333 0.1)
(1.133333333 0.3333333333 0.1)
(1.2 0.3333333333 0.1)
(1.266666667 0.3333333333 0.1)
(1.333333333 0.3333333333 0.1)
(1.4 0.3333333333 0.1)
(1.466666667 0.3333333333 0.1)
(1.533333333 0.3333333333 0.1)
(1.6 0.3333333333 0.1)
(1.666666667 0.3333333333 0.1)
(1.733333333 0.3333333333 0.1)
(1.8 0.3333333333 0.1)
(1.866666667 0.3333333333 0.1)
(1.933333333 0.3333333333 0.1)
(2 0.3333333333 0.1)
(1 0.4 0.1)
(1.066666667 0.4 0.1)
(1.133333333 0.4 0.1)
(1.2 0.4 0.1)
(1.266666667 0.4 0.1)
(1.333333333 0.4 0.1)
(1.4 0.4 0.1)
(1.466666667 0.4 0.1)
(1.533333333 0.4 0.1)
(1.6 0.4 0.1)
(1.666666667 0.4 0.1)
(1.733333333 0.4 0.1)
(1.8 0.4 0.1)
(1.866666667 0.4 0.1)
(1.933333333 0.4 0.1)
(2 0.4 0.1)
(1 0.4666666667 0.1)
(1.066666667 0.4666666667 0.1)
(1.133333333 0.4666666667 0.1)
(1.2 0.4666666667 0.1)
(1.266666667 0.4666666667 0.1)
(1.333333333 0.4666666667 0.1)
(1.4 0.4666666667 0.1)
(1.466666667 0.4666666667 0.1)
(1.533333333 0.4666666667 0.1)
(1.6 0.4666666667 0.1)
(1.666666667 0.4666666667 0.1)
(1.733333333 0.4666666667 0.1)
(1.8 0.4666666667 0.1)
(1.866666667 0.4666666667 0.1)
(1.933333333 0.4666666667 0.1)
(2 0.4666666667 0.1)
(1 0.5333333333 0.1)
(1.066666667 0.5333333333 0.1)
(1.133333333 0.5333333333 0.1)
(1.2 0.5333333333 0.1)
(1.266666667 0.5333333333 0.1)
(1.333333333 0.5333333333 0.1)
(1.4 0.5333333333 0.1)
(1.466666667 0.5333333333 0.1)
(1.533333333 0.5333333333 0.1)
(1.6 0.5333333333 0.1)
(1.666666667 0.5333333333 0.1)
(1.733333333 0.5333333333 0.1)
(1.8 0.5333333333 0.1)
(1.866666667 0.5333333333 0.1)
(1.933333333 0.5333333333 0.1)
(2 0.5333333333 0.1)
(1 0.6 0.1)
(1.066666667 0.6 0.1)
(1.133333333 0.6 0.1)
(1.2 0.6 0.1)
(1.266666667 0.6 0.1)
(1.333333333 0.6 0.1)
(1.4 0.6 0.1)
(1.466666667 0.6 0.1)
(1.533333333 0.6 0.1)
(1.6 0.6 0.1)
(1.666666667 0.6 0.1)
(1.733333333 0.6 0.1)
(1.8 0.6 0.1)
(1.866666667 0.6 0.1)
(1.933333333 0.6 0.1)
(2 0.6 0.1)
(1 0.6666666667 0.1)
(1.066666667 0.6666666667 0.1)
(1.133333333 0.6666666667 0.1)
(1.2 0.6666666667 0.1)
(1.266666667 0.6666666667 0.1)
(1.333333333 0.6666666667 0.1)
(1.4 0.6666666667 0.1)
(1.466666667 0.6666666667 0.1)
(1.533333333 0.6666666667 0.1)
(1.6 0.6666666667 0.1)
(1.666666667 0.6666666667 0.1)
(1.733333333 0.6666666667 0.1)
(1.8 0.6666666667 0.1)
(1.866666667 0.6666666667 0.1)
(1.933333333 0.6666666667 0.1)
(2 0.6666666667 0.1)
(1 0.7333333333 0.1)
(1.066666667 0.7333333333 0.1)
(1.133333333 0.7333333333 0.1)
(1.2 0.7333333333 0.1)
(1.266666667 0.7333333333 0.1)
(1.333333333 0.7333333333 0.1)
(1.4 0.7333333333 0.1)
(1.466666667 0.7333333333 0.1)
(1.533333333 0.7333333333 0.1)
(1.6 0.7333333333 0.1)
(1.666666667 0.7333333333 0.1)
(1.733333333 0.7333333333 0.1)
(1.8 0.7333333333 0.1)
(1.866666667 0.7333333333 0.1)
(1.933333333 0.7333333333 0.1)
(2 0.7333333333 0.1)
(1 0.8 0.1)
(1.066666667 0.8 0.1)
(1.133333333 0.8 0.1)
(1.2 0.8 0.1)
(1.266666667 0.8 0.1)
(1.333333333 0.8 0.1)
(1.4 0.8 0.1)
(1.466666667 0.8 0.1)
(1.533333333 0.8 0.1)
(1.6 0.8 0.1)
(1.666666667 0.8 0.1)
(1.733333333 0.8 0.1)
(1.8 0.8 0.1)
(1.866666667 0.8 0.1)
(1.933333333 0.8 0.1)
(2 0.8 0.1)
(1 0.8666666667 0.1)
(1.066666667 0.8666666667 0.1)
(1.133333333 0.8666666667 0.1)
(1.2 0.8666666667 0.1)
(1.266666667 0.8666666667 0.1)
(1.333333333 0.8666666667 0.1)
(1.4 0.8666666667 0.1)
(1.466666667 0.8666666667 0.1)
(1.533333333 0.8666666667 0.1)
(1.6 0.8666666667 0.1)
(1.666666667 0.8666666667 0.1)
(1.733333333 0.8666666667 0.1)
(1.8 0.8666666667 0.1)
(1.866666667 0.8666666667 0.1)
(1.933333333 0.8666666667 0.1)
(2 0.8666666667 0.1)
(1 0.9333333333 0.1)
(1.066666667 0.9333333333 0.1)
(1.133333333 0.9333333333 0.1)
(1.2 0.9333333333 0.1)
(1.266666667 0.9333333333 0.1)
(1.333333333 0.9333333333 0.1)
(1.4 0.9333333333 0.1)
(1.466666667 0.9333333333 0.1)
(1.533333333 0.9333333333 0.1)
(1.6 0.9333333333 0.1)
(1.666666667 0.9333333333 0.1)
(1.733333333 0.9333333333 0.1)
(1.8 0.9333333333 0.1)
(1.866666667 0.9333333333 0.1)
(1.933333333 0.9333333333 0.1)
(2 0.9333333333 0.1)
(1 1 0.1)
(1.066666667 1 0.1)
(1.133333333 1 0.1)
(1.2 1 0.1)
(1.266666667 1 0.1)
(1.333333333 1 0.1)
(1.4 1 0.1)
(1.466666667 1 0.1)
(1.533333333 1 0.1)
(1.6 1 0.1)
(1.666666667 1 0.1)
(1.733333333 1 0.1)
(1.8 1 0.1)
(1.866666667 1 0.1)
(1.933333333 1 0.1)
(2 1 0.1)
(0 1 0)
(0.06666666667 1 0)
(0.1333333333 1 0)
(0.2 1 0)
(0.2666666667 1 0)
(0.3333333333 1 0)
(0.4 1 0)
(0.4666666667 1 0)
(0.5333333333 1 0)
(0.6 1 0)
(0.6666666667 1 0)
(0.7333333333 1 0)
(0.8 1 0)
(0.8666666667 1 0)
(0.9333333333 1 0)
(0 1.066666667 0)
(0.06666666667 1.066666667 0)
(0.1333333333 1.066666667 0)
(0.2 1.066666667 0)
(0.2666666667 1.066666667 0)
(0.3333333333 1.066666667 0)
(0.4 1.066666667 0)
(0.4666666667 1.066666667 0)
(0.5333333333 1.066666667 0)
(0.6 1.066666667 0)
(0.6666666667 1.066666667 0)
(0.7333333333 1.066666667 0)
(0.8 1.066666667 0)
(0.8666666667 1.066666667 0)
(0.9333333333 1.066666667 0)
(1 1.066666667 0)
(0 1.133333333 0)
(0.06666666667 1.133333333 0)
(0.1333333333 1.133333333 0)
(0.2 1.133333333 0)
(0.2666666667 1.133333333 0)
(0.3333333333 1.133333333 0)
(0.4 1.133333333 0)
(0.4666666667 1.133333333 0)
(0.5333333333 1.133333333 0)
(0.6 1.133333333 0)
(0.6666666667 1.133333333 0)
(0.7333333333 1.133333333 0)
(0.8 1.133333333 0)
(0.8666666667 1.133333333 0)
(0.9333333333 1.133333333 0)
(1 1.133333333 0)
(0 1.2 0)
(0.06666666667 1.2 0)
(0.1333333333 1.2 0)
(0.2 1.2 0)
(0.2666666667 1.2 0)
(0.3333333333 1.2 0)
(0.4 1.2 0)
(0.4666666667 1.2 0)
(0.5333333333 1.2 0)
(0.6 1.2 0)
(0.6666666667 1.2 0)
(0.7333333333 1.2 0)
(0.8 1.2 0)
(0.8666666667 1.2 0)
(0.9333333333 1.2 0)
(1 1.2 0)
(0 1.266666667 0)
(0.06666666667 1.266666667 0)
(0.1333333333 1.266666667 0)
(0.2 1.266666667 0)
(0.2666666667 1.266666667 0)
(0.3333333333 1.266666667 0)
(0.4 1.266666667 0)
(0.4666666667 1.266666667 0)
(0.5333333333 1.266666667 0)
(0.6 1.266666667 0)
(0.6666666667 1.266666667 0)
(0.7333333333 1.266666667 0)
(0.8 1.266666667 0)
(0.8666666667 1.266666667 0)
(0.9333333333 1.266666667 0)
(1 1.266666667 0)
(0 1.333333333 0)
(0.06666666667 1.333333333 0)
(0.1333333333 1.333333333 0)
(0.2 1.333333333 0)
(0.2666666667 1.333333333 0)
(0.3333333333 1.333333333 0)
(0.4 1.333333333 0)
(0.4666666667 1.333333333 0)
(0.5333333333 1.333333333 0)
(0.6 1.333333333 0)
(0.6666666667 1.333333333 0)
(0.7333333333 1.333333333 0)
(0.8 1.333333333 0)
(0.8666666667 1.333333333 0)
(0.9333333333 1.333333333 0)
(1 1.333333333 0)
(0 1.4 0)
(0.06666666667 1.4 0)
(0.1333333333 1.4 0)
(0.2 1.4 0)
(0.2666666667 1.4 0)
(0.3333333333 1.4 0)
(0.4 1.4 0)
(0.4666666667 1.4 0)
(0.5333333333 1.4 0)
(0.6 1.4 0)
(0.6666666667 1.4 0)
(0.7333333333 1.4 0)
(0.8 1.4 0)
(0.8666666667 1.4 0)
(0.9333333333 1.4 0)
(1 1.4 0)
(0 1.466666667 0)
(0.06666666667 1.466666667 0)
(0.1333333333 1.466666667 0)
(0.2 1.466666667 0)
(0.2666666667 1.466666667 0)
(0.3333333333 1.466666667 0)
(0.4 1.466666667 0)
(0.4666666667 1.466666667 0)
(0.5333333333 1.466666667 0)
(0.6 1.466666667 0)
(0.6666666667 1.466666667 0)
(0.7333333333 1.466666667 0)
(0.8 1.466666667 0)
(0.8666666667 1.466666667 0)
(0.9333333333 1.466666667 0)
(1 1.466666667 0)
(0 1.533333333 0)
(0.06666666667 1.533333333 0)
(0.1333333333 1.533333333 0)
(0.2 1.533333333 0)
(0.2666666667 1.533333333 0)
(0.3333333333 1.533333333 0)
(0.4 1.533333333 0)
(0.4666666667 1.533333333 0)
(0.5333333333 1.533333333 0)
(0.6 1.533333333 0)
(0.6666666667 1.533333333 0)
(0.7333333333 1.533333333 0)
(0.8 1.533333333 0)
(0.8666666667 1.533333333 0)
(0.9333333333 1.533333333 0)
(1 1.533333333 0)
(0 1.6 0)
(0.06666666667 1.6 0)
(0.1333333333 1.6 0)
(0.2 1.6 0)
(0.2666666667 1.6 0)
(0.3333333333 1.6 0)
(0.4 1.6 0)
(0.4666666667 1.6 0)
(0.5333333333 1.6 0)
(0.6 1.6 0)
(0.6666666667 1.6 0)
(0.7333333333 1.6 0)
(0.8 1.6 0)
(0.8666666667 1.6 0)
(0.9333333333 1.6 0)
(1 1.6 0)
(0 1.666666667 0)
(0.06666666667 1.666666667 0)
(0.1333333333 1.666666667 0)
(0.2 1.666666667 0)
(0.2666666667 1.666666667 0)
(0.3333333333 1.666666667 0)
(0.4 1.666666667 0)
(0.4666666667 1.666666667 0)
(0.5333333333 1.666666667 0)
(0.6 1.666666667 0)
(0.6666666667 1.666666667 0)
(0.7333333333 1.666666667 0)
(0.8 1.666666667 0)
(0.8666666667 1.666666667 0)
(0.9333333333 1.666666667 0)
(1 1.666666667 0)
(0 1.733333333 0)
(0.06666666667 1.733333333 0)
(0.1333333333 1.733333333 0)
(0.2 1.733333333 0)
(0.2666666667 1.733333333 0)
(0.3333333333 1.733333333 0)
(0.4 1.733333333 0)
(0.4666666667 1.733333333 0)
(0.5333333333 1.733333333 0)
(0.6 1.733333333 0)
(0.6666666667 1.733333333 0)
(0.7333333333 1.733333333 0)
(0.8 1.733333333 0)
(0.8666666667 1.733333333 0)
(0.9333333333 1.733333333 0)
(1 1.733333333 0)
(0 1.8 0)
(0.06666666667 1.8 0)
(0.1333333333 1.8 0)
(0.2 1.8 0)
(0.2666666667 1.8 0)
(0.3333333333 1.8 0)
(0.4 1.8 0)
(0.4666666667 1.8 0)
(0.5333333333 1.8 0)
(0.6 1.8 0)
(0.6666666667 1.8 0)
(0.7333333333 1.8 0)
(0.8 1.8 0)
(0.8666666667 1.8 0)
(0.9333333333 1.8 0)
(1 1.8 0)
(0 1.866666667 0)
(0.06666666667 1.866666667 0)
(0.1333333333 1.866666667 0)
(0.2 1.866666667 0)
(0.2666666667 1.866666667 0)
(0.3333333333 1.866666667 0)
(0.4 1.866666667 0)
(0.4666666667 1.866666667 0)
(0.5333333333 1.866666667 0)
(0.6 1.866666667 0)
(0.6666666667 1.866666667 0)
(0.7333333333 1.866666667 0)
(0.8 1.866666667 0)
(0.8666666667 1.866666667 0)
(0.9333333333 1.866666667 0)
(1 1.866666667 0)
(0 1.933333333 0)
(0.06666666667 1.933333333 0)
(0.1333333333 1.933333333 0)
(0.2 1.933333333 0)
(0.2666666667 1.933333333 0)
(0.3333333333 1.933333333 0)
(0.4 1.933333333 0)
(0.4666666667 1.933333333 0)
(0.5333333333 1.933333333 0)
(0.6 1.933333333 0)
(0.6666666667 1.933333333 0)
(0.7333333333 1.933333333 0)
(0.8 1.933333333 0)
(0.8666666667 1.933333333 0)
(0.9333333333 1.933333333 0)
(1 1.933333333 0)
(0 2 0)
(0.06666666667 2 0)
(0.1333333333 2 0)
(0.2 2 0)
(0.2666666667 2 0)
(0.3333333333 2 0)
(0.4 2 0)
(0.4666666667 2 0)
(0.5333333333 2 0)
(0.6 2 0)
(0.6666666667 2 0)
(0.7333333333 2 0)
(0.8 2 0)
(0.8666666667 2 0)
(0.9333333333 2 0)
(1 2 0)
(0 1 0.1)
(0.06666666667 1 0.1)
(0.1333333333 1 0.1)
(0.2 1 0.1)
(0.2666666667 1 0.1)
(0.3333333333 1 0.1)
(0.4 1 0.1)
(0.4666666667 1 0.1)
(0.5333333333 1 0.1)
(0.6 1 0.1)
(0.6666666667 1 0.1)
(0.7333333333 1 0.1)
(0.8 1 0.1)
(0.8666666667 1 0.1)
(0.9333333333 1 0.1)
(0 1.066666667 0.1)
(0.06666666667 1.066666667 0.1)
(0.1333333333 1.066666667 0.1)
(0.2 1.066666667 0.1)
(0.2666666667 1.066666667 0.1)
(0.3333333333 1.066666667 0.1)
(0.4 1.066666667 0.1)
(0.4666666667 1.066666667 0.1)
(0.5333333333 1.066666667 0.1)
(0.6 1.066666667 0.1)
(0.6666666667 1.066666667 0.1)
(0.7333333333 1.066666667 0.1)
(0.8 1.066666667 0.1)
(0.8666666667 1.066666667 0.1)
(0.9333333333 1.066666667 0.1)
(1 1.066666667 0.1)
(0 1.133333333 0.1)
(0.06666666667 1.133333333 0.1)
(0.1333333333 1.133333333 0.1)
(0.2 1.133333333 0.1)
(0.2666666667 1.133333333 0.1)
(0.3333333333 1.133333333 0.1)
(0.4 1.133333333 0.1)
(0.4666666667 1.133333333 0.1)
(0.5333333333 1.133333333 0.1)
(0.6 1.133333333 0.1)
(0.6666666667 1.133333333 0.1)
(0.7333333333 1.133333333 0.1)
(0.8 1.133333333 0.1)
(0.8666666667 1.133333333 0.1)
(0.9333333333 1.133333333 0.1)
(1 1.133333333 0.1)
(0 1.2 0.1)
(0.06666666667 1.2 0.1)
(0.1333333333 1.2 0.1)
(0.2 1.2 0.1)
(0.2666666667 1.2 0.1)
(0.3333333333 1.2 0.1)
(0.4 1.2 0.1)
(0.4666666667 1.2 0.1)
(0.5333333333 1.2 0.1)
(0.6 1.2 0.1)
(0.6666666667 1.2 0.1)
(0.7333333333 1.2 0.1)
(0.8 1.2 0.1)
(0.8666666667 1.2 0.1)
(0.9333333333 1.2 0.1)
(1 1.2 0.1)
(0 1.266666667 0.1)
(0.06666666667 1.266666667 0.1)
(0.1333333333 1.266666667 0.1)
(0.2 1.266666667 0.1)
(0.2666666667 1.266666667 0.1)
(0.3333333333 1.266666667 0.1)
(0.4 1.266666667 0.1)
(0.4666666667 1.266666667 0.1)
(0.5333333333 1.266666667 0.1)
(0.6 1.266666667 0.1)
(0.6666666667 1.266666667 0.1)
(0.7333333333 1.266666667 0.1)
(0.8 1.266666667 0.1)
(0.8666666667 1.266666667 0.1)
(0.9333333333 1.266666667 0.1)
(1 1.266666667 0.1)
(0 1.333333333 0.1)
(0.06666666667 1.333333333 0.1)
(0.1333333333 1.333333333 0.1)
(0.2 1.333333333 0.1)
(0.2666666667 1.333333333 0.1)
(0.3333333333 1.333333333 0.1)
(0.4 1.333333333 0.1)
(0.4666666667 1.333333333 0.1)
(0.5333333333 1.333333333 0.1)
(0.6 1.333333333 0.1)
(0.6666666667 1.333333333 0.1)
(0.7333333333 1.333333333 0.1)
(0.8 1.333333333 0.1)
(0.8666666667 1.333333333 0.1)
(0.9333333333 1.333333333 0.1)
(1 1.333333333 0.1)
(0 1.4 0.1)
(0.06666666667 1.4 0.1)
(0.1333333333 1.4 0.1)
(0.2 1.4 0.1)
(0.2666666667 1.4 0.1)
(0.3333333333 1.4 0.1)
(0.4 1.4 0.1)
(0.4666666667 1.4 0.1)
(0.5333333333 1.4 0.1)
(0.6 1.4 0.1)
(0.6666666667 1.4 0.1)
(0.7333333333 1.4 0.1)
(0.8 1.4 0.1)
(0.8666666667 1.4 0.1)
(0.9333333333 1.4 0.1)
(1 1.4 0.1)
(0 1.466666667 0.1)
(0.06666666667 1.466666667 0.1)
(0.1333333333 1.466666667 0.1)
(0.2 1.466666667 0.1)
(0.2666666667 1.466666667 0.1)
(0.3333333333 1.466666667 0.1)
(0.4 1.466666667 0.1)
(0.4666666667 1.466666667 0.1)
(0.5333333333 1.466666667 0.1)
(0.6 1.466666667 0.1)
(0.6666666667 1.466666667 0.1)
(0.7333333333 1.466666667 0.1)
(0.8 1.466666667 0.1)
(0.8666666667 1.466666667 0.1)
(0.9333333333 1.466666667 0.1)
(1 1.466666667 0.1)
(0 1.533333333 0.1)
(0.06666666667 1.533333333 0.1)
(0.1333333333 1.533333333 0.1)
(0.2 1.533333333 0.1)
(0.2666666667 1.533333333 0.1)
(0.3333333333 1.533333333 0.1)
(0.4 1.533333333 0.1)
(0.4666666667 1.533333333 0.1)
(0.5333333333 1.533333333 0.1)
(0.6 1.533333333 0.1)
(0.6666666667 1.533333333 0.1)
(0.7333333333 1.533333333 0.1)
(0.8 1.533333333 0.1)
(0.8666666667 1.533333333 0.1)
(0.9333333333 1.533333333 0.1)
(1 1.533333333 0.1)
(0 1.6 0.1)
(0.06666666667 1.6 0.1)
(0.1333333333 1.6 0.1)
(0.2 1.6 0.1)
(0.2666666667 1.6 0.1)
(0.3333333333 1.6 0.1)
(0.4 1.6 0.1)
(0.4666666667 1.6 0.1)
(0.5333333333 1.6 0.1)
(0.6 1.6 0.1)
(0.6666666667 1.6 0.1)
(0.7333333333 1.6 0.1)
(0.8 1.6 0.1)
(0.8666666667 1.6 0.1)
(0.9333333333 1.6 0.1)
(1 1.6 0.1)
(0 1.666666667 0.1)
(0.06666666667 1.666666667 0.1)
(0.1333333333 1.666666667 0.1)
(0.2 1.666666667 0.1)
(0.2666666667 1.666666667 0.1)
(0.3333333333 1.666666667 0.1)
(0.4 1.666666667 0.1)
(0.4666666667 1.666666667 0.1)
(0.5333333333 1.666666667 0.1)
(0.6 1.666666667 0.1)
(0.6666666667 1.666666667 0.1)
(0.7333333333 1.666666667 0.1)
(0.8 1.666666667 0.1)
(0.8666666667 1.666666667 0.1)
(0.9333333333 1.666666667 0.1)
(1 1.666666667 0.1)
(0 1.733333333 0.1)
(0.06666666667 1.733333333 0.1)
(0.1333333333 1.733333333 0.1)
(0.2 1.733333333 0.1)
(0.2666666667 1.733333333 0.1)
(0.3333333333 1.733333333 0.1)
(0.4 1.733333333 0.1)
(0.4666666667 1.733333333 0.1)
(0.5333333333 1.733333333 0.1)
(0.6 1.733333333 0.1)
(0.6666666667 1.733333333 0.1)
(0.7333333333 1.733333333 0.1)
(0.8 1.733333333 0.1)
(0.8666666667 1.733333333 0.1)
(0.9333333333 1.733333333 0.1)
(1 1.733333333 0.1)
(0 1.8 0.1)
(0.06666666667 1.8 0.1)
(0.1333333333 1.8 0.1)
(0.2 1.8 0.1)
(0.2666666667 1.8 0.1)
(0.3333333333 1.8 0.1)
(0.4 1.8 0.1)
(0.4666666667 1.8 0.1)
(0.5333333333 1.8 0.1)
(0.6 1.8 0.1)
(0.6666666667 1.8 0.1)
(0.7333333333 1.8 0.1)
(0.8 1.8 0.1)
(0.8666666667 1.8 0.1)
(0.9333333333 1.8 0.1)
(1 1.8 0.1)
(0 1.866666667 0.1)
(0.06666666667 1.866666667 0.1)
(0.1333333333 1.866666667 0.1)
(0.2 1.866666667 0.1)
(0.2666666667 1.866666667 0.1)
(0.3333333333 1.866666667 0.1)
(0.4 1.866666667 0.1)
(0.4666666667 1.866666667 0.1)
(0.5333333333 1.866666667 0.1)
(0.6 1.866666667 0.1)
(0.6666666667 1.866666667 0.1)
(0.7333333333 1.866666667 0.1)
(0.8 1.866666667 0.1)
(0.8666666667 1.866666667 0.1)
(0.9333333333 1.866666667 0.1)
(1 1.866666667 0.1)
(0 1.933333333 0.1)
(0.06666666667 1.933333333 0.1)
(0.1333333333 1.933333333 0.1)
(0.2 1.933333333 0.1)
(0.2666666667 1.933333333 0.1)
(0.3333333333 1.933333333 0.1)
(0.4 1.933333333 0.1)
(0.4666666667 1.933333333 0.1)
(0.5333333333 1.933333333 0.1)
(0.6 1.933333333 0.1)
(0.6666666667 1.933333333 0.1)
(0.7333333333 1.933333333 0.1)
(0.8 1.933333333 0.1)
(0.8666666667 1.933333333 0.1)
(0.9333333333 1.933333333 0.1)
(1 1.933333333 0.1)
(0 2 0.1)
(0.06666666667 2 0.1)
(0.1333333333 2 0.1)
(0.2 2 0.1)
(0.2666666667 2 0.1)
(0.3333333333 2 0.1)
(0.4 2 0.1)
(0.4666666667 2 0.1)
(0.5333333333 2 0.1)
(0.6 2 0.1)
(0.6666666667 2 0.1)
(0.7333333333 2 0.1)
(0.8 2 0.1)
(0.8666666667 2 0.1)
(0.9333333333 2 0.1)
(1 2 0.1)
(1.066666667 1.066666667 0)
(1.133333333 1.066666667 0)
(1.2 1.066666667 0)
(1.266666667 1.066666667 0)
(1.333333333 1.066666667 0)
(1.4 1.066666667 0)
(1.466666667 1.066666667 0)
(1.533333333 1.066666667 0)
(1.6 1.066666667 0)
(1.666666667 1.066666667 0)
(1.733333333 1.066666667 0)
(1.8 1.066666667 0)
(1.866666667 1.066666667 0)
(1.933333333 1.066666667 0)
(2 1.066666667 0)
(1.066666667 1.133333333 0)
(1.133333333 1.133333333 0)
(1.2 1.133333333 0)
(1.266666667 1.133333333 0)
(1.333333333 1.133333333 0)
(1.4 1.133333333 0)
(1.466666667 1.133333333 0)
(1.533333333 1.133333333 0)
(1.6 1.133333333 0)
(1.666666667 1.133333333 0)
(1.733333333 1.133333333 0)
(1.8 1.133333333 0)
(1.866666667 1.133333333 0)
(1.933333333 1.133333333 0)
(2 1.133333333 0)
(1.066666667 1.2 0)
(1.133333333 1.2 0)
(1.2 1.2 0)
(1.266666667 1.2 0)
(1.333333333 1.2 0)
(1.4 1.2 0)
(1.466666667 1.2 0)
(1.533333333 1.2 0)
(1.6 1.2 0)
(1.666666667 1.2 0)
(1.733333333 1.2 0)
(1.8 1.2 0)
(1.866666667 1.2 0)
(1.933333333 1.2 0)
(2 1.2 0)
(1.066666667 1.266666667 0)
(1.133333333 1.266666667 0)
(1.2 1.266666667 0)
(1.266666667 1.266666667 0)
(1.333333333 1.266666667 0)
(1.4 1.266666667 0)
(1.466666667 1.266666667 0)
(1.533333333 1.266666667 0)
(1.6 1.266666667 0)
(1.666666667 1.266666667 0)
(1.733333333 1.266666667 0)
(1.8 1.266666667 0)
(1.866666667 1.266666667 0)
(1.933333333 1.266666667 0)
(2 1.266666667 0)
(1.066666667 1.333333333 0)
(1.133333333 1.333333333 0)
(1.2 1.333333333 0)
(1.266666667 1.333333333 0)
(1.333333333 1.333333333 0)
(1.4 1.333333333 0)
(1.466666667 1.333333333 0)
(1.533333333 1.333333333 0)
(1.6 1.333333333 0)
(1.666666667 1.333333333 0)
(1.733333333 1.333333333 0)
(1.8 1.333333333 0)
(1.866666667 1.333333333 0)
(1.933333333 1.333333333 0)
(2 1.333333333 0)
(1.066666667 1.4 0)
(1.133333333 1.4 0)
(1.2 1.4 0)
(1.266666667 1.4 0)
(1.333333333 1.4 0)
(1.4 1.4 0)
(1.466666667 1.4 0)
(1.533333333 1.4 0)
(1.6 1.4 0)
(1.666666667 1.4 0)
(1.733333333 1.4 0)
(1.8 1.4 0)
(1.866666667 1.4 0)
(1.933333333 1.4 0)
(2 1.4 0)
(1.066666667 1.466666667 0)
(1.133333333 1.466666667 0)
(1.2 1.466666667 0)
(1.266666667 1.466666667 0)
(1.333333333 1.466666667 0)
(1.4 1.466666667 0)
(1.466666667 1.466666667 0)
(1.533333333 1.466666667 0)
(1.6 1.466666667 0)
(1.666666667 1.466666667 0)
(1.733333333 1.466666667 0)
(1.8 1.466666667 0)
(1.866666667 1.466666667 0)
(1.933333333 1.466666667 0)
(2 1.466666667 0)
(1.066666667 1.533333333 0)
(1.133333333 1.533333333 0)
(1.2 1.533333333 0)
(1.266666667 1.533333333 0)
(1.333333333 1.533333333 0)
(1.4 1.533333333 0)
(1.466666667 1.533333333 0)
(1.533333333 1.533333333 0)
(1.6 1.533333333 0)
(1.666666667 1.533333333 0)
(1.733333333 1.533333333 0)
(1.8 1.533333333 0)
(1.866666667 1.533333333 0)
(1.933333333 1.533333333 0)
(2 1.533333333 0)
(1.066666667 1.6 0)
(1.133333333 1.6 0)
(1.2 1.6 0)
(1.266666667 1.6 0)
(1.333333333 1.6 0)
(1.4 1.6 0)
(1.466666667 1.6 0)
(1.533333333 1.6 0)
(1.6 1.6 0)
(1.666666667 1.6 0)
(1.733333333 1.6 0)
(1.8 1.6 0)
(1.866666667 1.6 0)
(1.933333333 1.6 0)
(2 1.6 0)
(1.066666667 1.666666667 0)
(1.133333333 1.666666667 0)
(1.2 1.666666667 0)
(1.266666667 1.666666667 0)
(1.333333333 1.666666667 0)
(1.4 1.666666667 0)
(1.466666667 1.666666667 0)
(1.533333333 1.666666667 0)
(1.6 1.666666667 0)
(1.666666667 1.666666667 0)
(1.733333333 1.666666667 0)
(1.8 1.666666667 0)
(1.866666667 1.666666667 0)
(1.933333333 1.666666667 0)
(2 1.666666667 0)
(1.066666667 1.733333333 0)
(1.133333333 1.733333333 0)
(1.2 1.733333333 0)
(1.266666667 1.733333333 0)
(1.333333333 1.733333333 0)
(1.4 1.733333333 0)
(1.466666667 1.733333333 0)
(1.533333333 1.733333333 0)
(1.6 1.733333333 0)
(1.666666667 1.733333333 0)
(1.733333333 1.733333333 0)
(1.8 1.733333333 0)
(1.866666667 1.733333333 0)
(1.933333333 1.733333333 0)
(2 1.733333333 0)
(1.066666667 1.8 0)
(1.133333333 1.8 0)
(1.2 1.8 0)
(1.266666667 1.8 0)
(1.333333333 1.8 0)
(1.4 1.8 0)
(1.466666667 1.8 0)
(1.533333333 1.8 0)
(1.6 1.8 0)
(1.666666667 1.8 0)
(1.733333333 1.8 0)
(1.8 1.8 0)
(1.866666667 1.8 0)
(1.933333333 1.8 0)
(2 1.8 0)
(1.066666667 1.866666667 0)
(1.133333333 1.866666667 0)
(1.2 1.866666667 0)
(1.266666667 1.866666667 0)
(1.333333333 1.866666667 0)
(1.4 1.866666667 0)
(1.466666667 1.866666667 0)
(1.533333333 1.866666667 0)
(1.6 1.866666667 0)
(1.666666667 1.866666667 0)
(1.733333333 1.866666667 0)
(1.8 1.866666667 0)
(1.866666667 1.866666667 0)
(1.933333333 1.866666667 0)
(2 1.866666667 0)
(1.066666667 1.933333333 0)
(1.133333333 1.933333333 0)
(1.2 1.933333333 0)
(1.266666667 1.933333333 0)
(1.333333333 1.933333333 0)
(1.4 1.933333333 0)
(1.466666667 1.933333333 0)
(1.533333333 1.933333333 0)
(1.6 1.933333333 0)
(1.666666667 1.933333333 0)
(1.733333333 1.933333333 0)
(1.8 1.933333333 0)
(1.866666667 1.933333333 0)
(1.933333333 1.933333333 0)
(2 1.933333333 0)
(1.066666667 2 0)
(1.133333333 2 0)
(1.2 2 0)
(1.266666667 2 0)
(1.333333333 2 0)
(1.4 2 0)
(1.466666667 2 0)
(1.533333333 2 0)
(1.6 2 0)
(1.666666667 2 0)
(1.733333333 2 0)
(1.8 2 0)
(1.866666667 2 0)
(1.933333333 2 0)
(2 2 0)
(1.066666667 1.066666667 0.1)
(1.133333333 1.066666667 0.1)
(1.2 1.066666667 0.1)
(1.266666667 1.066666667 0.1)
(1.333333333 1.066666667 0.1)
(1.4 1.066666667 0.1)
(1.466666667 1.066666667 0.1)
(1.533333333 1.066666667 0.1)
(1.6 1.066666667 0.1)
(1.666666667 1.066666667 0.1)
(1.733333333 1.066666667 0.1)
(1.8 1.066666667 0.1)
(1.866666667 1.066666667 0.1)
(1.933333333 1.066666667 0.1)
(2 1.066666667 0.1)
(1.066666667 1.133333333 0.1)
(1.133333333 1.133333333 0.1)
(1.2 1.133333333 0.1)
(1.266666667 1.133333333 0.1)
(1.333333333 1.133333333 0.1)
(1.4 1.133333333 0.1)
(1.466666667 1.133333333 0.1)
(1.533333333 1.133333333 0.1)
(1.6 1.133333333 0.1)
(1.666666667 1.133333333 0.1)
(1.733333333 1.133333333 0.1)
(1.8 1.133333333 0.1)
(1.866666667 1.133333333 0.1)
(1.933333333 1.133333333 0.1)
(2 1.133333333 0.1)
(1.066666667 1.2 0.1)
(1.133333333 1.2 0.1)
(1.2 1.2 0.1)
(1.266666667 1.2 0.1)
(1.333333333 1.2 0.1)
(1.4 1.2 0.1)
(1.466666667 1.2 0.1)
(1.533333333 1.2 0.1)
(1.6 1.2 0.1)
(1.666666667 1.2 0.1)
(1.733333333 1.2 0.1)
(1.8 1.2 0.1)
(1.866666667 1.2 0.1)
(1.933333333 1.2 0.1)
(2 1.2 0.1)
(1.066666667 1.266666667 0.1)
(1.133333333 1.266666667 0.1)
(1.2 1.266666667 0.1)
(1.266666667 1.266666667 0.1)
(1.333333333 1.266666667 0.1)
(1.4 1.266666667 0.1)
(1.466666667 1.266666667 0.1)
(1.533333333 1.266666667 0.1)
(1.6 1.266666667 0.1)
(1.666666667 1.266666667 0.1)
(1.733333333 1.266666667 0.1)
(1.8 1.266666667 0.1)
(1.866666667 1.266666667 0.1)
(1.933333333 1.266666667 0.1)
(2 1.266666667 0.1)
(1.066666667 1.333333333 0.1)
(1.133333333 1.333333333 0.1)
(1.2 1.333333333 0.1)
(1.266666667 1.333333333 0.1)
(1.333333333 1.333333333 0.1)
(1.4 1.333333333 0.1)
(1.466666667 1.333333333 0.1)
(1.533333333 1.333333333 0.1)
(1.6 1.333333333 0.1)
(1.666666667 1.333333333 0.1)
(1.733333333 1.333333333 0.1)
(1.8 1.333333333 0.1)
(1.866666667 1.333333333 0.1)
(1.933333333 1.333333333 0.1)
(2 1.333333333 0.1)
(1.066666667 1.4 0.1)
(1.133333333 1.4 0.1)
(1.2 1.4 0.1)
(1.266666667 1.4 0.1)
(1.333333333 1.4 0.1)
(1.4 1.4 0.1)
(1.466666667 1.4 0.1)
(1.533333333 1.4 0.1)
(1.6 1.4 0.1)
(1.666666667 1.4 0.1)
(1.733333333 1.4 0.1)
(1.8 1.4 0.1)
(1.866666667 1.4 0.1)
(1.933333333 1.4 0.1)
(2 1.4 0.1)
(1.066666667 1.466666667 0.1)
(1.133333333 1.466666667 0.1)
(1.2 1.466666667 0.1)
(1.266666667 1.466666667 0.1)
(1.333333333 1.466666667 0.1)
(1.4 1.466666667 0.1)
(1.466666667 1.466666667 0.1)
(1.533333333 1.466666667 0.1)
(1.6 1.466666667 0.1)
(1.666666667 1.466666667 0.1)
(1.733333333 1.466666667 0.1)
(1.8 1.466666667 0.1)
(1.866666667 1.466666667 0.1)
(1.933333333 1.466666667 0.1)
(2 1.466666667 0.1)
(1.066666667 1.533333333 0.1)
(1.133333333 1.533333333 0.1)
(1.2 1.533333333 0.1)
(1.266666667 1.533333333 0.1)
(1.333333333 1.533333333 0.1)
(1.4 1.533333333 0.1)
(1.466666667 1.533333333 0.1)
(1.533333333 1.533333333 0.1)
(1.6 1.533333333 0.1)
(1.666666667 1.533333333 0.1)
(1.733333333 1.533333333 0.1)
(1.8 1.533333333 0.1)
(1.866666667 1.533333333 0.1)
(1.933333333 1.533333333 0.1)
(2 1.533333333 0.1)
(1.066666667 1.6 0.1)
(1.133333333 1.6 0.1)
(1.2 1.6 0.1)
(1.266666667 1.6 0.1)
(1.333333333 1.6 0.1)
(1.4 1.6 0.1)
(1.466666667 1.6 0.1)
(1.533333333 1.6 0.1)
(1.6 1.6 0.1)
(1.666666667 1.6 0.1)
(1.733333333 1.6 0.1)
(1.8 1.6 0.1)
(1.866666667 1.6 0.1)
(1.933333333 1.6 0.1)
(2 1.6 0.1)
(1.066666667 1.666666667 0.1)
(1.133333333 1.666666667 0.1)
(1.2 1.666666667 0.1)
(1.266666667 1.666666667 0.1)
(1.333333333 1.666666667 0.1)
(1.4 1.666666667 0.1)
(1.466666667 1.666666667 0.1)
(1.533333333 1.666666667 0.1)
(1.6 1.666666667 0.1)
(1.666666667 1.666666667 0.1)
(1.733333333 1.666666667 0.1)
(1.8 1.666666667 0.1)
(1.866666667 1.666666667 0.1)
(1.933333333 1.666666667 0.1)
(2 1.666666667 0.1)
(1.066666667 1.733333333 0.1)
(1.133333333 1.733333333 0.1)
(1.2 1.733333333 0.1)
(1.266666667 1.733333333 0.1)
(1.333333333 1.733333333 0.1)
(1.4 1.733333333 0.1)
(1.466666667 1.733333333 0.1)
(1.533333333 1.733333333 0.1)
(1.6 1.733333333 0.1)
(1.666666667 1.733333333 0.1)
(1.733333333 1.733333333 0.1)
(1.8 1.733333333 0.1)
(1.866666667 1.733333333 0.1)
(1.933333333 1.733333333 0.1)
(2 1.733333333 0.1)
(1.066666667 1.8 0.1)
(1.133333333 1.8 0.1)
(1.2 1.8 0.1)
(1.266666667 1.8 0.1)
(1.333333333 1.8 0.1)
(1.4 1.8 0.1)
(1.466666667 1.8 0.1)
(1.533333333 1.8 0.1)
(1.6 1.8 0.1)
(1.666666667 1.8 0.1)
(1.733333333 1.8 0.1)
(1.8 1.8 0.1)
(1.866666667 1.8 0.1)
(1.933333333 1.8 0.1)
(2 1.8 0.1)
(1.066666667 1.866666667 0.1)
(1.133333333 1.866666667 0.1)
(1.2 1.866666667 0.1)
(1.266666667 1.866666667 0.1)
(1.333333333 1.866666667 0.1)
(1.4 1.866666667 0.1)
(1.466666667 1.866666667 0.1)
(1.533333333 1.866666667 0.1)
(1.6 1.866666667 0.1)
(1.666666667 1.866666667 0.1)
(1.733333333 1.866666667 0.1)
(1.8 1.866666667 0.1)
(1.866666667 1.866666667 0.1)
(1.933333333 1.866666667 0.1)
(2 1.866666667 0.1)
(1.066666667 1.933333333 0.1)
(1.133333333 1.933333333 0.1)
(1.2 1.933333333 0.1)
(1.266666667 1.933333333 0.1)
(1.333333333 1.933333333 0.1)
(1.4 1.933333333 0.1)
(1.466666667 1.933333333 0.1)
(1.533333333 1.933333333 0.1)
(1.6 1.933333333 0.1)
(1.666666667 1.933333333 0.1)
(1.733333333 1.933333333 0.1)
(1.8 1.933333333 0.1)
(1.866666667 1.933333333 0.1)
(1.933333333 1.933333333 0.1)
(2 1.933333333 0.1)
(1.066666667 2 0.1)
(1.133333333 2 0.1)
(1.2 2 0.1)
(1.266666667 2 0.1)
(1.333333333 2 0.1)
(1.4 2 0.1)
(1.466666667 2 0.1)
(1.533333333 2 0.1)
(1.6 2 0.1)
(1.666666667 2 0.1)
(1.733333333 2 0.1)
(1.8 2 0.1)
(1.866666667 2 0.1)
(1.933333333 2 0.1)
(2 2 0.1)
(2.066666667 1 0)
(2.133333333 1 0)
(2.2 1 0)
(2.266666667 1 0)
(2.333333333 1 0)
(2.4 1 0)
(2.466666667 1 0)
(2.533333333 1 0)
(2.6 1 0)
(2.666666667 1 0)
(2.733333333 1 0)
(2.8 1 0)
(2.866666667 1 0)
(2.933333333 1 0)
(3 1 0)
(2.066666667 1.066666667 0)
(2.133333333 1.066666667 0)
(2.2 1.066666667 0)
(2.266666667 1.066666667 0)
(2.333333333 1.066666667 0)
(2.4 1.066666667 0)
(2.466666667 1.066666667 0)
(2.533333333 1.066666667 0)
(2.6 1.066666667 0)
(2.666666667 1.066666667 0)
(2.733333333 1.066666667 0)
(2.8 1.066666667 0)
(2.866666667 1.066666667 0)
(2.933333333 1.066666667 0)
(3 1.066666667 0)
(2.066666667 1.133333333 0)
(2.133333333 1.133333333 0)
(2.2 1.133333333 0)
(2.266666667 1.133333333 0)
(2.333333333 1.133333333 0)
(2.4 1.133333333 0)
(2.466666667 1.133333333 0)
(2.533333333 1.133333333 0)
(2.6 1.133333333 0)
(2.666666667 1.133333333 0)
(2.733333333 1.133333333 0)
(2.8 1.133333333 0)
(2.866666667 1.133333333 0)
(2.933333333 1.133333333 0)
(3 1.133333333 0)
(2.066666667 1.2 0)
(2.133333333 1.2 0)
(2.2 1.2 0)
(2.266666667 1.2 0)
(2.333333333 1.2 0)
(2.4 1.2 0)
(2.466666667 1.2 0)
(2.533333333 1.2 0)
(2.6 1.2 0)
(2.666666667 1.2 0)
(2.733333333 1.2 0)
(2.8 1.2 0)
(2.866666667 1.2 0)
(2.933333333 1.2 0)
(3 1.2 0)
(2.066666667 1.266666667 0)
(2.133333333 1.266666667 0)
(2.2 1.266666667 0)
(2.266666667 1.266666667 0)
(2.333333333 1.266666667 0)
(2.4 1.266666667 0)
(2.466666667 1.266666667 0)
(2.533333333 1.266666667 0)
(2.6 1.266666667 0)
(2.666666667 1.266666667 0)
(2.733333333 1.266666667 0)
(2.8 1.266666667 0)
(2.866666667 1.266666667 0)
(2.933333333 1.266666667 0)
(3 1.266666667 0)
(2.066666667 1.333333333 0)
(2.133333333 1.333333333 0)
(2.2 1.333333333 0)
(2.266666667 1.333333333 0)
(2.333333333 1.333333333 0)
(2.4 1.333333333 0)
(2.466666667 1.333333333 0)
(2.533333333 1.333333333 0)
(2.6 1.333333333 0)
(2.666666667 1.333333333 0)
(2.733333333 1.333333333 0)
(2.8 1.333333333 0)
(2.866666667 1.333333333 0)
(2.933333333 1.333333333 0)
(3 1.333333333 0)
(2.066666667 1.4 0)
(2.133333333 1.4 0)
(2.2 1.4 0)
(2.266666667 1.4 0)
(2.333333333 1.4 0)
(2.4 1.4 0)
(2.466666667 1.4 0)
(2.533333333 1.4 0)
(2.6 1.4 0)
(2.666666667 1.4 0)
(2.733333333 1.4 0)
(2.8 1.4 0)
(2.866666667 1.4 0)
(2.933333333 1.4 0)
(3 1.4 0)
(2.066666667 1.466666667 0)
(2.133333333 1.466666667 0)
(2.2 1.466666667 0)
(2.266666667 1.466666667 0)
(2.333333333 1.466666667 0)
(2.4 1.466666667 0)
(2.466666667 1.466666667 0)
(2.533333333 1.466666667 0)
(2.6 1.466666667 0)
(2.666666667 1.466666667 0)
(2.733333333 1.466666667 0)
(2.8 1.466666667 0)
(2.866666667 1.466666667 0)
(2.933333333 1.466666667 0)
(3 1.466666667 0)
(2.066666667 1.533333333 0)
(2.133333333 1.533333333 0)
(2.2 1.533333333 0)
(2.266666667 1.533333333 0)
(2.333333333 1.533333333 0)
(2.4 1.533333333 0)
(2.466666667 1.533333333 0)
(2.533333333 1.533333333 0)
(2.6 1.533333333 0)
(2.666666667 1.533333333 0)
(2.733333333 1.533333333 0)
(2.8 1.533333333 0)
(2.866666667 1.533333333 0)
(2.933333333 1.533333333 0)
(3 1.533333333 0)
(2.066666667 1.6 0)
(2.133333333 1.6 0)
(2.2 1.6 0)
(2.266666667 1.6 0)
(2.333333333 1.6 0)
(2.4 1.6 0)
(2.466666667 1.6 0)
(2.533333333 1.6 0)
(2.6 1.6 0)
(2.666666667 1.6 0)
(2.733333333 1.6 0)
(2.8 1.6 0)
(2.866666667 1.6 0)
(2.933333333 1.6 0)
(3 1.6 0)
(2.066666667 1.666666667 0)
(2.133333333 1.666666667 0)
(2.2 1.666666667 0)
(2.266666667 1.666666667 0)
(2.333333333 1.666666667 0)
(2.4 1.666666667 0)
(2.466666667 1.666666667 0)
(2.533333333 1.666666667 0)
(2.6 1.666666667 0)
(2.666666667 1.666666667 0)
(2.733333333 1.666666667 0)
(2.8 1.666666667 0)
(2.866666667 1.666666667 0)
(2.933333333 1.666666667 0)
(3 1.666666667 0)
(2.066666667 1.733333333 0)
(2.133333333 1.733333333 0)
(2.2 1.733333333 0)
(2.266666667 1.733333333 0)
(2.333333333 1.733333333 0)
(2.4 1.733333333 0)
(2.466666667 1.733333333 0)
(2.533333333 1.733333333 0)
(2.6 1.733333333 0)
(2.666666667 1.733333333 0)
(2.733333333 1.733333333 0)
(2.8 1.733333333 0)
(2.866666667 1.733333333 0)
(2.933333333 1.733333333 0)
(3 1.733333333 0)
(2.066666667 1.8 0)
(2.133333333 1.8 0)
(2.2 1.8 0)
(2.266666667 1.8 0)
(2.333333333 1.8 0)
(2.4 1.8 0)
(2.466666667 1.8 0)
(2.533333333 1.8 0)
(2.6 1.8 0)
(2.666666667 1.8 0)
(2.733333333 1.8 0)
(2.8 1.8 0)
(2.866666667 1.8 0)
(2.933333333 1.8 0)
(3 1.8 0)
(2.066666667 1.866666667 0)
(2.133333333 1.866666667 0)
(2.2 1.866666667 0)
(2.266666667 1.866666667 0)
(2.333333333 1.866666667 0)
(2.4 1.866666667 0)
(2.466666667 1.866666667 0)
(2.533333333 1.866666667 0)
(2.6 1.866666667 0)
(2.666666667 1.866666667 0)
(2.733333333 1.866666667 0)
(2.8 1.866666667 0)
(2.866666667 1.866666667 0)
(2.933333333 1.866666667 0)
(3 1.866666667 0)
(2.066666667 1.933333333 0)
(2.133333333 1.933333333 0)
(2.2 1.933333333 0)
(2.266666667 1.933333333 0)
(2.333333333 1.933333333 0)
(2.4 1.933333333 0)
(2.466666667 1.933333333 0)
(2.533333333 1.933333333 0)
(2.6 1.933333333 0)
(2.666666667 1.933333333 0)
(2.733333333 1.933333333 0)
(2.8 1.933333333 0)
(2.866666667 1.933333333 0)
(2.933333333 1.933333333 0)
(3 1.933333333 0)
(2.066666667 2 0)
(2.133333333 2 0)
(2.2 2 0)
(2.266666667 2 0)
(2.333333333 2 0)
(2.4 2 0)
(2.466666667 2 0)
(2.533333333 2 0)
(2.6 2 0)
(2.666666667 2 0)
(2.733333333 2 0)
(2.8 2 0)
(2.866666667 2 0)
(2.933333333 2 0)
(3 2 0)
(2.066666667 1 0.1)
(2.133333333 1 0.1)
(2.2 1 0.1)
(2.266666667 1 0.1)
(2.333333333 1 0.1)
(2.4 1 0.1)
(2.466666667 1 0.1)
(2.533333333 1 0.1)
(2.6 1 0.1)
(2.666666667 1 0.1)
(2.733333333 1 0.1)
(2.8 1 0.1)
(2.866666667 1 0.1)
(2.933333333 1 0.1)
(3 1 0.1)
(2.066666667 1.066666667 0.1)
(2.133333333 1.066666667 0.1)
(2.2 1.066666667 0.1)
(2.266666667 1.066666667 0.1)
(2.333333333 1.066666667 0.1)
(2.4 1.066666667 0.1)
(2.466666667 1.066666667 0.1)
(2.533333333 1.066666667 0.1)
(2.6 1.066666667 0.1)
(2.666666667 1.066666667 0.1)
(2.733333333 1.066666667 0.1)
(2.8 1.066666667 0.1)
(2.866666667 1.066666667 0.1)
(2.933333333 1.066666667 0.1)
(3 1.066666667 0.1)
(2.066666667 1.133333333 0.1)
(2.133333333 1.133333333 0.1)
(2.2 1.133333333 0.1)
(2.266666667 1.133333333 0.1)
(2.333333333 1.133333333 0.1)
(2.4 1.133333333 0.1)
(2.466666667 1.133333333 0.1)
(2.533333333 1.133333333 0.1)
(2.6 1.133333333 0.1)
(2.666666667 1.133333333 0.1)
(2.733333333 1.133333333 0.1)
(2.8 1.133333333 0.1)
(2.866666667 1.133333333 0.1)
(2.933333333 1.133333333 0.1)
(3 1.133333333 0.1)
(2.066666667 1.2 0.1)
(2.133333333 1.2 0.1)
(2.2 1.2 0.1)
(2.266666667 1.2 0.1)
(2.333333333 1.2 0.1)
(2.4 1.2 0.1)
(2.466666667 1.2 0.1)
(2.533333333 1.2 0.1)
(2.6 1.2 0.1)
(2.666666667 1.2 0.1)
(2.733333333 1.2 0.1)
(2.8 1.2 0.1)
(2.866666667 1.2 0.1)
(2.933333333 1.2 0.1)
(3 1.2 0.1)
(2.066666667 1.266666667 0.1)
(2.133333333 1.266666667 0.1)
(2.2 1.266666667 0.1)
(2.266666667 1.266666667 0.1)
(2.333333333 1.266666667 0.1)
(2.4 1.266666667 0.1)
(2.466666667 1.266666667 0.1)
(2.533333333 1.266666667 0.1)
(2.6 1.266666667 0.1)
(2.666666667 1.266666667 0.1)
(2.733333333 1.266666667 0.1)
(2.8 1.266666667 0.1)
(2.866666667 1.266666667 0.1)
(2.933333333 1.266666667 0.1)
(3 1.266666667 0.1)
(2.066666667 1.333333333 0.1)
(2.133333333 1.333333333 0.1)
(2.2 1.333333333 0.1)
(2.266666667 1.333333333 0.1)
(2.333333333 1.333333333 0.1)
(2.4 1.333333333 0.1)
(2.466666667 1.333333333 0.1)
(2.533333333 1.333333333 0.1)
(2.6 1.333333333 0.1)
(2.666666667 1.333333333 0.1)
(2.733333333 1.333333333 0.1)
(2.8 1.333333333 0.1)
(2.866666667 1.333333333 0.1)
(2.933333333 1.333333333 0.1)
(3 1.333333333 0.1)
(2.066666667 1.4 0.1)
(2.133333333 1.4 0.1)
(2.2 1.4 0.1)
(2.266666667 1.4 0.1)
(2.333333333 1.4 0.1)
(2.4 1.4 0.1)
(2.466666667 1.4 0.1)
(2.533333333 1.4 0.1)
(2.6 1.4 0.1)
(2.666666667 1.4 0.1)
(2.733333333 1.4 0.1)
(2.8 1.4 0.1)
(2.866666667 1.4 0.1)
(2.933333333 1.4 0.1)
(3 1.4 0.1)
(2.066666667 1.466666667 0.1)
(2.133333333 1.466666667 0.1)
(2.2 1.466666667 0.1)
(2.266666667 1.466666667 0.1)
(2.333333333 1.466666667 0.1)
(2.4 1.466666667 0.1)
(2.466666667 1.466666667 0.1)
(2.533333333 1.466666667 0.1)
(2.6 1.466666667 0.1)
(2.666666667 1.466666667 0.1)
(2.733333333 1.466666667 0.1)
(2.8 1.466666667 0.1)
(2.866666667 1.466666667 0.1)
(2.933333333 1.466666667 0.1)
(3 1.466666667 0.1)
(2.066666667 1.533333333 0.1)
(2.133333333 1.533333333 0.1)
(2.2 1.533333333 0.1)
(2.266666667 1.533333333 0.1)
(2.333333333 1.533333333 0.1)
(2.4 1.533333333 0.1)
(2.466666667 1.533333333 0.1)
(2.533333333 1.533333333 0.1)
(2.6 1.533333333 0.1)
(2.666666667 1.533333333 0.1)
(2.733333333 1.533333333 0.1)
(2.8 1.533333333 0.1)
(2.866666667 1.533333333 0.1)
(2.933333333 1.533333333 0.1)
(3 1.533333333 0.1)
(2.066666667 1.6 0.1)
(2.133333333 1.6 0.1)
(2.2 1.6 0.1)
(2.266666667 1.6 0.1)
(2.333333333 1.6 0.1)
(2.4 1.6 0.1)
(2.466666667 1.6 0.1)
(2.533333333 1.6 0.1)
(2.6 1.6 0.1)
(2.666666667 1.6 0.1)
(2.733333333 1.6 0.1)
(2.8 1.6 0.1)
(2.866666667 1.6 0.1)
(2.933333333 1.6 0.1)
(3 1.6 0.1)
(2.066666667 1.666666667 0.1)
(2.133333333 1.666666667 0.1)
(2.2 1.666666667 0.1)
(2.266666667 1.666666667 0.1)
(2.333333333 1.666666667 0.1)
(2.4 1.666666667 0.1)
(2.466666667 1.666666667 0.1)
(2.533333333 1.666666667 0.1)
(2.6 1.666666667 0.1)
(2.666666667 1.666666667 0.1)
(2.733333333 1.666666667 0.1)
(2.8 1.666666667 0.1)
(2.866666667 1.666666667 0.1)
(2.933333333 1.666666667 0.1)
(3 1.666666667 0.1)
(2.066666667 1.733333333 0.1)
(2.133333333 1.733333333 0.1)
(2.2 1.733333333 0.1)
(2.266666667 1.733333333 0.1)
(2.333333333 1.733333333 0.1)
(2.4 1.733333333 0.1)
(2.466666667 1.733333333 0.1)
(2.533333333 1.733333333 0.1)
(2.6 1.733333333 0.1)
(2.666666667 1.733333333 0.1)
(2.733333333 1.733333333 0.1)
(2.8 1.733333333 0.1)
(2.866666667 1.733333333 0.1)
(2.933333333 1.733333333 0.1)
(3 1.733333333 0.1)
(2.066666667 1.8 0.1)
(2.133333333 1.8 0.1)
(2.2 1.8 0.1)
(2.266666667 1.8 0.1)
(2.333333333 1.8 0.1)
(2.4 1.8 0.1)
(2.466666667 1.8 0.1)
(2.533333333 1.8 0.1)
(2.6 1.8 0.1)
(2.666666667 1.8 0.1)
(2.733333333 1.8 0.1)
(2.8 1.8 0.1)
(2.866666667 1.8 0.1)
(2.933333333 1.8 0.1)
(3 1.8 0.1)
(2.066666667 1.866666667 0.1)
(2.133333333 1.866666667 0.1)
(2.2 1.866666667 0.1)
(2.266666667 1.866666667 0.1)
(2.333333333 1.866666667 0.1)
(2.4 1.866666667 0.1)
(2.466666667 1.866666667 0.1)
(2.533333333 1.866666667 0.1)
(2.6 1.866666667 0.1)
(2.666666667 1.866666667 0.1)
(2.733333333 1.866666667 0.1)
(2.8 1.866666667 0.1)
(2.866666667 1.866666667 0.1)
(2.933333333 1.866666667 0.1)
(3 1.866666667 0.1)
(2.066666667 1.933333333 0.1)
(2.133333333 1.933333333 0.1)
(2.2 1.933333333 0.1)
(2.266666667 1.933333333 0.1)
(2.333333333 1.933333333 0.1)
(2.4 1.933333333 0.1)
(2.466666667 1.933333333 0.1)
(2.533333333 1.933333333 0.1)
(2.6 1.933333333 0.1)
(2.666666667 1.933333333 0.1)
(2.733333333 1.933333333 0.1)
(2.8 1.933333333 0.1)
(2.866666667 1.933333333 0.1)
(2.933333333 1.933333333 0.1)
(3 1.933333333 0.1)
(2.066666667 2 0.1)
(2.133333333 2 0.1)
(2.2 2 0.1)
(2.266666667 2 0.1)
(2.333333333 2 0.1)
(2.4 2 0.1)
(2.466666667 2 0.1)
(2.533333333 2 0.1)
(2.6 2 0.1)
(2.666666667 2 0.1)
(2.733333333 2 0.1)
(2.8 2 0.1)
(2.866666667 2 0.1)
(2.933333333 2 0.1)
(3 2 0.1)
)


// ************************************************************************* //
